,Data,Hora,P2.1.1 P (W),P2.1.2 P (W),P2.1.3 P (W),P2.1.4 P (W),P2.1.5 P (W),P2.1.6 P (W),P2.1.7 P (W),P2.1.8 P (W),P2.1.9 P (W),P2.1.10 P (W),P2.1.11 P (W),P2.1.12 P (W),P2.1.13 P (W),P2.1.14 P (W),P2.1.15 P (W),P2.1.16 P (W),P2.2.1 P (W),P2.2.2 P (W),P2.2.3 P (W),P2.2.4 P (W),P2.2.5 P (W),P2.2.6 P (W),P2.2.7 P (W),P2.2.8 P (W),P2.2.9 P (W),P2.2.10 P (W),P2.2.11 P (W),P2.2.12 P (W),P2.2.13 P (W),P2.2.14 P (W),P2.2.15 P (W),P2.2.16 P (W),P2.3.1 P (W),P2.3.2 P (W),P2.3.3 P (W),P2.3.4 P (W),P2.3.5 P (W),P2.3.6 P (W),P2.3.7 P (W),P2.3.8 P (W),P2.3.9 P (W),P2.3.10 P (W),P2.3.11 P (W),P2.3.12 P (W),P2.3.13 P (W),P2.3.14 P (W),P2.3.15 P (W),P2.3.16 P (W)
0,2021-01-03,06:00:00,0.0,0.0,0.0,0.0,0.0,0.0,0.0,0.0,0.0,0.0,0.0,0.0,0.0,0.0,0.0,0.0,0.0,0.0,0.0,0.0,0.0,0.0,0.0,0.0,0.0,0.0,0.0,0.0,0.0,0.0,0.0,0.0,0.0,0.0,0.0,0.0,0.0,0.0,0.0,0.0,0.0,0.0,0.0,0.0,0.0,0.0,0.0,0.0
1,2021-01-03,06:15:00,11.03515,8.05255,12.628099999999998,5.641166666666667,21.366933333333332,17.214833333333335,19.819266666666667,12.6707,10.363299999999999,15.84455,17.523466666666668,18.15,3.0312,10.933866666666667,3.289066666666667,18.44685,17.03905,19.468574999999998,19.5086,27.473433333333332,23.21875,20.8469,17.19145,14.824233333333334,18.9551,17.400533333333332,13.661733333333336,26.7453,14.134133333333333,24.2371,18.8002,23.8,23.02763333333333,17.29685,13.741166666666667,24.113799999999998,17.8112,13.010666666666665,13.644499999999999,18.7013,23.90585,21.14215,13.047933333333333,14.852333333333334,14.42185,29.79976666666667,26.2828,27.9422
2,2021-01-03,06:30:00,29.10936666666667,32.7526,34.7198,12.04685,27.7617,42.67476666666666,29.58595,34.995599999999996,26.907533333333333,37.97185,38.30133333333333,22.6625,27.5461,27.496100000000002,10.8,30.436524999999996,72.79946666666666,32.168,74.10206666666666,58.48910000000001,51.856766666666665,51.51456666666667,32.46013333333334,47.49346666666667,69.9352,65.028525,66.54725,61.28309999999999,43.671366666666664,74.21849999999999,59.4062,65.93515,59.599199999999996,53.5573,71.72186666666666,76.50080000000001,72.26873333333333,44.73883333333333,73.3224,74.54456666666667,63.446524999999994,53.57136666666667,32.816399999999994,25.193,31.021866666666668,59.9026,51.90366666666667,63.9227
3,2021-01-03,06:45:00,43.96326666666667,39.29816666666667,41.46146666666667,35.6035,56.0341,49.149766666666665,52.63123333333334,50.54685,40.415866666666666,45.992200000000004,52.157833333333336,55.4387,43.320125,36.6586,32.0,48.85053333333334,88.393,95.29143333333333,88.43696666666666,94.20733333333332,91.08019999999999,98.90390000000001,96.429125,90.26666666666667,99.63176666666668,81.64455000000001,95.80573333333332,101.06506666666667,79.90963333333333,92.49220000000001,86.82446666666665,90.02706666666667,87.11536666666666,103.98474999999999,88.09896666666667,91.2168,87.55546666666667,85.07473333333333,95.37813333333334,91.48126666666667,79.1016,85.44139999999999,53.229166666666664,42.578133333333334,37.11196666666667,106.3818,91.71666666666665,87.92813333333334
4,2021-01-03,07:00:00,61.72030000000001,77.89529999999999,61.9443,59.5656,80.23593333333334,74.94996666666667,72.1984,62.5625,66.965625,67.86795000000001,72.34086666666667,75.75573333333334,61.2508,70.17293333333333,44.36066666666667,79.4965,114.1453,108.4367,118.88516666666665,126.74193333333335,114.1789,121.51445,126.4219,115.34143333333334,117.86173333333333,116.7469,119.40585,134.56640000000002,109.74844999999999,130.22373333333334,118.62813333333334,118.88413333333334,116.74063333333334,115.78046666666667,113.9724,107.81485,117.23593333333334,109.10676666666666,116.78306666666667,121.08073333333333,118.6755,130.9198,76.9695,81.9234,97.92815,105.9375,114.29583333333333,116.02346666666666
5,2021-01-03,07:15:00,81.7949,80.1094,97.23984999999999,70.04246666666667,106.98085,98.61953333333334,94.9293,81.0469,78.1289,98.33262500000001,90.22503333333333,103.62735,89.17012500000001,85.1875,69.4328,110.1594,146.35676666666666,127.08283333333333,161.22033333333334,135.81406666666666,131.42083333333335,172.6789,114.39725,147.41510000000002,156.0453,151.8081,146.7672,159.87396666666666,119.11135,138.4922,110.26365,151.55573333333334,154.10209999999998,157.76055,100.58046666666667,137.50103333333334,158.95833333333334,132.83486666666667,163.0010333333333,158.7354,0.0,149.5324,103.03203333333333,114.46876666666667,143.99113333333332,159.138275,142.68229999999997,155.13699999999997
6,2021-01-03,07:30:00,65.22425,100.3974,93.30115,74.07503333333334,98.23176666666666,65.43073333333332,112.03515,107.70235,80.98027499999999,95.17316666666666,79.4379,110.19765000000001,143.75,62.57033333333334,93.51799999999999,86.81639999999999,112.19923333333334,66.45183333333334,134.3125,122.82550000000002,139.5906,76.6289,163.97866666666667,95.76253333333334,128.78176666666667,138.15156666666667,82.3828,86.80783333333333,95.11613333333332,115.13333333333333,110.876175,103.850975,141.76565,136.64896666666667,117.3078,156.98023333333333,98.6117,151.8062666666667,126.05913333333335,119.20263333333334,106.22597499999999,107.05705,104.9841,113.64663333333333,103.68906666666668,100.2684,143.6953,121.6112
7,2021-01-03,07:45:00,149.8922,176.45493333333332,121.20936666666667,174.9008,196.5044333333333,176.82420000000002,186.0583333333333,177.16953333333333,167.12385,195.2801,152.54139999999998,163.87003333333334,138.19323333333332,183.06613333333334,142.0,154.25183333333334,211.9416666666667,210.20753333333334,224.0344,228.19119999999998,237.61536666666666,257.9021,231.79375,238.89296666666667,197.7682333333333,184.5052333333333,213.8508,205.03515,154.60366666666667,244.68925000000002,269.768,241.775,203.7918,187.7388,250.24220000000003,198.8606666666667,233.36926666666668,230.7336,247.66510000000002,235.08723333333333,234.8276,231.23515,252.09193333333334,206.54896666666664,233.2551,259.2547,229.70195,277.19789999999995
8,2021-01-03,08:00:00,219.79919999999998,245.40186666666668,231.480275,230.21616666666668,251.8346333333333,238.88825000000003,244.3332,241.1513,241.03333333333333,237.11253333333332,252.49816666666666,247.41095,248.70860000000002,237.77345000000003,223.541975,246.9354,312.0426,317.71209999999996,309.29885,334.3096666666667,315.13165,314.7010333333333,317.625,304.15990000000005,314.024,317.3351333333333,326.45235,322.4041666666667,260.35313333333335,319.5711,313.8754,316.92185,311.11716666666666,313.33073333333334,307.0797,313.5776,317.60235,291.35585,303.257,313.7,319.0273666666667,313.20705,302.15000000000003,309.5953333333334,296.63826666666665,314.092375,308.30106666666666,321.07553333333334
9,2021-01-03,08:15:00,273.125,273.6562,265.74379999999996,262.00079999999997,304.68486666666666,287.6143333333334,301.77149999999995,279.0922,270.24255,294.490825,294.0455666666667,298.78105,285.51590000000004,284.5049333333333,277.6523,293.69219999999996,349.1000000000001,359.70313333333337,353.1893,360.68165,364.56835,359.1742,359.7211,345.39973333333336,364.6068,370.3555,343.19100000000003,366.92575,286.21823333333333,348.8359333333333,343.3453,344.5906,357.50336666666664,366.29013333333336,348.42446666666666,350.32136666666673,364.9375,356.0226666666667,371.49556666666666,360.96926666666667,360.90625,340.0703,360.6138,346.41979999999995,345.96485,358.09765000000004,347.23126666666667,355.7969
10,2021-01-03,08:30:00,308.0987,253.3781333333333,276.786325,326.88776666666666,323.7044,361.9676,378.6221333333333,263.86875,294.2639,330.44919999999996,274.3437666666667,392.7695,356.00936666666666,317.43985,302.51876666666664,267.7948,397.09375,403.9518,298.4039,403.25625,358.7883,300.91954999999996,317.15160000000003,354.56666666666666,439.1006,387.2504,267.87943333333334,358.46565,297.0484333333333,305.43593333333337,346.6359333333333,336.1987,379.62850000000003,376.16276666666664,468.35545,335.5679666666667,434.54025,365.88149999999996,352.99530000000004,370.7177,448.04375000000005,375.89349999999996,411.9648333333333,204.0391,354.02760000000006,380.34375,352.884,405.42870000000005
11,2021-01-03,08:45:00,356.2836,352.34745000000004,332.53253333333333,275.40496666666667,326.04816666666665,332.69335,389.9215,321.7245,241.7672,283.9073,300.01143333333334,328.36875,332.54946666666666,352.80115,331.4594,344.2164,379.62694999999997,389.07706666666667,399.74039999999997,349.15496666666667,402.86135,425.33616666666666,424.05676666666665,345.3227,377.2285,316.78413333333333,379.44162500000004,347.0008,253.98595,405.4992,409.0664,402.35040000000004,393.04805,402.09663333333333,424.8531,346.7359333333333,393.03983333333326,321.77810000000005,442.97683333333333,408.9406333333333,378.546875,343.3461,399.5482,420.33910000000003,405.7552333333333,430.96645,405.29025,436.0336
12,2021-01-03,09:00:00,353.6016,403.1562,303.4807333333334,372.2510333333333,394.391,317.8824,344.58027500000003,316.2185,337.094125,407.2187,409.18100000000004,415.31759999999997,394.4080666666667,308.8932333333333,299.05626666666666,277.4508,446.33723333333336,457.2565333333334,448.39885000000004,430.99063333333334,443.2594,453.0723,366.0010333333333,407.4252666666667,379.16795,445.8622333333333,435.99375,314.52345,257.1563,206.7891,310.36915,444.40336666666667,411.15470000000005,316.83045000000004,353.73125000000005,362.61563333333334,456.33933333333334,445.4669333333333,378.8666666666666,391.9150666666667,323.52930000000003,439.54920000000004,455.2416666666666,346.27029999999996,434.53176666666667,459.7924666666666,325.760175,376.94744999999995
13,2021-01-03,09:15:00,424.5291666666667,283.39166666666665,431.4546666666667,423.1664,412.7398666666666,429.9466333333333,396.49036666666666,315.3143333333333,488.2299666666667,393.5295,359.65259999999995,492.08985,295.7307666666666,277.8179666666667,267.9237,384.0695,289.612,445.07660000000004,486.43516666666665,551.14065,369.94455,338.2,283.6078,312.4632666666667,569.8938,421.86834999999996,472.4,387.31379999999996,310.28515,455.37035,510.44686666666666,497.29885,503.2094,518.9778666666667,454.4971333333333,529.9708333333334,461.81899999999996,298.92580000000004,387.0807333333334,531.7414,546.5794333333333,408.9455666666666,480.53176666666667,504.77186666666665,550.0563,411.56800000000004,280.4512,533.5078
14,2021-01-03,09:30:00,451.05625,472.49295000000006,458.45939999999996,275.18165,489.96659999999997,450.3,417.71795,430.37924999999996,478.5617333333333,489.4588333333333,492.5833333333333,497.44804999999997,484.28593333333333,466.5146,439.34175000000005,316.5289,508.9825666666666,513.5742,431.62442500000003,526.6631,470.99293333333327,400.5776,528.186325,505.1424666666667,522.1166000000001,513.331625,512.6935,355.04725,337.9073,515.7039333333333,508.1734333333334,512.6519499999999,502.6453,529.4755333333334,339.23595,525.6974,532.7163999999999,499.23204999999996,490.71043333333336,509.118325,531.2518333333334,552.2737999999999,391.5966,524.9192666666667,390.4234333333334,532.4492333333333,520.0184666666667,525.8575666666666
15,2021-01-03,09:45:00,492.175575,493.98515,487.0707,376.26445,516.08285,440.13460000000003,504.68100000000004,504.870125,485.668,513.1729333333333,411.32033333333334,522.2422,487.35585000000003,498.2935,470.8216,503.4,542.925,533.2950666666666,509.2875,524.2672,531.80825,540.8489666666667,549.4547,525.8896,530.26175,529.57815,531.70355,543.4515333333333,427.5296666666666,532.8643000000001,543.2432333333334,534.3083333333333,392.3711,498.04027499999995,542.0023666666667,514.9081,549.8289000000001,548.1877333333333,544.8953333333334,531.191,540.9263333333333,532.7461,534.3643333333333,540.0844,534.1029,540.69805,541.1224333333333,544.25585
16,2021-01-03,10:00:00,483.17266666666666,475.4563,458.52734999999996,363.05585,378.65725,353.88985,426.3632666666667,483.04479999999995,332.4258,497.0948,500.94430000000006,428.88635,407.7943,473.93696666666665,468.08206666666666,490.867575,467.5594,387.2468999999999,521.6918000000001,521.1747333333334,518.5406333333334,502.2809666666667,514.0729666666666,497.73165,390.0578333333333,498.8719,523.13085,508.76290000000006,398.76935000000003,511.4567666666667,509.1015333333333,400.8422,489.5932666666666,534.7789,516.4031,328.7898,272.15543333333335,527.24845,531.6539,533.1883000000001,413.3146,446.06759999999997,427.0072666666667,279.37615,368.24065,529.70825,504.41540000000003,490.3422333333333
17,2021-01-03,10:15:00,487.24375,455.6426,450.6039333333333,354.0463666666667,503.8497333333334,400.1338333333333,525.4828,390.52549999999997,510.8461,366.70315000000005,401.2078333333334,486.98595,337.71666666666664,244.6831,465.13723333333337,366.37239999999997,479.78985,531.6219,502.3768333333334,464.76210000000003,406.00157499999995,412.7349,413.9744,483.07290000000006,396.1896,276.2643,416.51445,355.55584999999996,269.4008,516.3879,400.28416666666664,519.8031000000001,348.084,522.775,393.19334999999995,511.18306666666666,523.64605,519.74685,530.3812666666666,523.5449,369.02916666666664,379.46746666666667,493.2456,516.1187666666666,368.2320333333333,396.90259999999995,251.99713333333332,413.9658666666666
18,2021-01-03,10:30:00,441.384175,380.0672,534.83435,415.88983333333334,387.8141,298.39063333333337,565.4168500000001,565.0167,370.724225,474.4357,404.2828333333334,374.061725,559.6305,394.19534999999996,527.3851666666666,362.4203,578.9426000000001,571.722275,555.0338666666667,407.90860000000004,0.0,454.8203333333334,478.94606666666664,401.6039,496.19793333333337,474.72346666666664,514.4196,441.3877666666667,479.7984333333333,464.7580666666666,405.6109333333333,394.8906,607.6206,456.71953333333335,474.35443333333336,369.3969,619.05005,453.0535,408.21055,606.26955,586.3714,588.70785,540.6949500000001,367.85859999999997,358.57655,407.6352,587.1096666666666,472.3643333333334
19,2021-01-03,10:45:00,579.1643333333333,565.2719000000001,576.2552,558.1341333333334,606.9434,583.7198,613.6672,521.43635,593.6065333333333,603.7638000000001,611.1526333333333,616.0622333333334,578.0693,584.628125,574.3349,596.35625,437.56565,604.2141,574.3422,595.9575666666667,529.6762666666667,576.2359666666667,583.65,587.8856999999999,598.36645,601.7513,616.3690333333333,610.0299666666666,495.74375,604.3971333333333,607.8724333333333,597.6424666666667,626.6630333333333,633.4481999999999,623.3234333333334,393.92499999999995,625.18435,574.8969,596.7344,619.1156000000001,604.0883,553.6216333333333,595.7539,622.0614333333334,611.0781,588.1359666666666,618.5813,635.7281666666667
20,2021-01-03,11:00:00,597.7164,488.20332499999995,388.03905,576.4638333333334,349.11459999999994,611.9205666666667,456.24219999999997,464.4286666666667,624.2185333333333,610.3336,664.02735,606.1453,385.20155,486.35549999999995,561.0938,608.7623000000001,514.920675,479.8367333333333,464.06380000000007,562.1599333333334,517.8968666666666,469.02426666666673,593.5182333333333,458.5874999999999,548.810975,598.3652500000001,468.01199999999994,494.30103333333335,348.83435,488.0752,400.21215,620.1583666666667,407.14840000000004,486.86279999999994,596.0012666666667,627.5779000000001,635.4224,464.71356666666674,624.2047000000001,483.7348999999999,397.91290000000004,490.99583333333334,517.4746,555.4127666666667,645.8575999999999,528.934,484.9612,647.072275
21,2021-01-03,11:15:00,577.8013,571.9507666666667,398.29065,437.25780000000003,475.39896666666664,590.7099,593.55075,591.12535,577.7692,573.6739666666667,609.7328,493.5325666666667,405.26405,460.474,483.17342499999995,594.0932666666666,600.8844,578.1906333333333,590.70585,572.6026333333333,458.2171666666666,580.3003,596.50315,576.2291,571.24765,460.01173333333327,593.057225,589.5637,476.8260333333333,580.79415,205.0781,601.3843666666667,596.0254,605.6159,603.6820333333334,496.81380000000007,412.42855,600.3515666666667,612.5815666666666,626.6867000000001,616.5851749999999,582.6476749999999,599.3185333333334,582.7385,592.5078,604.7429666666666,599.9648500000001,623.56955
22,2021-01-03,11:30:00,589.2781500000001,394.26150000000007,431.9456,555.2281333333334,162.0312,315.9832,385.19350000000003,597.7312750000001,466.9336,462.6906666666667,450.9224,563.3945333333334,381.91485,385.0961,562.4839000000001,410.31410000000005,423.91096666666664,583.1804999999999,372.905075,386.5289,362.8159,350.5617,339.3443,424.29725,412.3523333333333,563.0951500000001,349.3879,371.4979,225.9578,567.2093666666666,595.4531,567.9050500000001,381.9979333333333,340.638,384.92993333333334,412.6541666666667,308.8380333333334,445.43700000000007,573.5625333333332,399.8859333333333,424.2093666666667,395.9547,258.8099,586.3141,395.2453333333333,508.06485,600.2133,220.55745
23,2021-01-03,11:45:00,570.046475,585.0674666666667,479.78803333333343,565.41915,608.7367333333333,584.1894500000001,605.1208333333333,607.4942666666667,485.6667,609.1875,620.8096666666667,488.4164333333333,573.8036666666667,493.49182500000006,436.5833333333334,589.4121,590.4224,588.0500333333333,579.2227,590.81605,470.5791666666666,582.0714,584.8718666666666,578.4187333333333,568.4,564.5223,577.5576,514.5429666666666,410.07675,591.775,484.72943333333325,559.3565333333333,591.6950666666667,490.2737333333334,453.7398666666666,467.1429333333333,598.7276333333333,613.99575,606.6331,608.8611999999999,594.4034333333334,505.40155000000004,584.9494666666666,460.57266666666663,591.4297,596.6445333333335,582.4896,617.9906000000001
24,2021-01-03,12:00:00,589.0521,585.60745,588.2629,574.8417000000001,625.0471333333334,601.2471333333333,630.3604333333333,619.3116999999999,598.2832000000001,611.9117249999999,623.0589,619.1974333333334,595.3242333333333,600.9711,573.3760666666667,586.6916,616.8589999999999,618.097475,600.0023666666667,608.4633,598.6592,612.0606666666666,608.9907,593.6664666666666,597.4885333333333,590.5255333333333,600.8648666666667,609.5682666666667,494.82855,606.593375,614.9557333333333,604.4,616.5776333333333,630.5357,614.1615,611.9049666666666,616.4721333333333,604.5125,610.1643333333333,610.2206,592.756,584.4434,571.9213666666666,609.1976500000001,587.3776333333334,597.8377,587.2198,614.4531333333333
25,2021-01-03,12:15:00,602.96955,515.3633,584.5875,594.3122333333333,640.7721666666666,602.7247333333333,629.5588666666666,608.2818333333333,551.94335,660.02965,657.3586,663.961,608.3703499999999,551.4104333333333,613.6435,623.31875,512.9461,537.0606,511.82109999999994,511.6812333333333,579.1688,594.0527,528.2492333333333,545.2924666666667,581.1838666666666,502.71565,524.5273666666667,526.6785500000001,473.9336,560.87345,549.8063,575.034,571.4953499999999,635.2221333333333,609.3753,614.8901333333333,604.70975,578.6682666666667,622.4010666666667,614.9062666666666,606.18945,600.937475,594.30625,603.7682333333333,534.26565,598.513,552.2135666666667,620.7289
26,2021-01-03,12:30:00,594.52265,568.4101666666666,618.9021,565.5341333333333,635.4622666666667,569.5390666666666,634.7606666666667,653.0969,653.7078333333334,621.8607,668.6101666666667,661.4731666666667,634.67035,623.06135,606.45235,599.124425,579.0635333333333,526.2249999999999,580.0844,552.8575666666667,552.2833666666667,599.2070333333334,582.8956,574.5245,586.2951,564.3992666666667,563.9578,579.0880333333333,493.74334999999996,523.69435,589.8638,561.7229333333333,605.7771,610.6578,587.4344,603.8148666666666,589.1294333333333,567.8414,568.5096333333333,588.5239666666666,581.43905,580.51405,577.9088333333334,582.41525,533.3902499999999,580.39065,591.8494999999999,604.8838666666667
27,2021-01-03,12:45:00,598.07115,531.8599,590.0922,564.2289,618.6364333333332,606.0304666666666,640.7041666666668,625.9882666666667,615.6821,627.39455,636.7065333333334,641.2669333333333,592.3125,607.968,602.09535,623.1416666666668,588.9393,554.4351333333333,575.9669333333333,553.4486999999999,554.7367333333334,585.7841333333334,0.0,571.5179666666667,526.7619666666666,520.3231999999999,594.44845,597.17935,441.1385666666667,583.25395,555.034025,586.0182333333333,565.8547,611.9481999999999,578.1948,599.2274,592.4187666666667,592.1799666666666,592.2377666666666,612.60545,577.68965,586.954725,589.2414,551.7770999999999,584.9304999999999,603.6494666666667,549.9143333333333,604.8846333333333
28,2021-01-03,13:00:00,538.1937333333334,525.59335,552.6661666666666,467.1442666666667,559.8151333333333,579.8417000000001,581.7211,564.4422,570.4781333333334,580.4,562.50625,597.652,530.75315,548.1659,510.85687499999995,574.7531333333333,503.9648666666667,480.2836333333333,527.6234333333333,547.9502666666667,551.1601499999999,546.89805,488.86016666666666,548.0700666666667,496.7914,518.4127333333332,511.5664,527.0385666666667,360.11456666666663,503.73776666666663,512.5398333333334,539.600775,480.07290000000006,542.7846333333333,529.7518333333334,546.3611999999999,548.71095,486.06926666666664,509.1895666666667,543.7776,524.52655,449.6906,427.5518,600.38125,549.6295,502.06016666666665,510.03856666666667,589.4135333333334
29,2021-01-03,13:15:00,366.6295,434.3901,353.2203,376.3039,360.0455666666667,386.70730000000003,374.9883,455.43306666666666,459.8908666666666,497.66679999999997,348.6328,359.9035,419.4403666666667,366.9008,373.6594,380.45745,473.1270999999999,468.2484,344.61769999999996,482.8073,527.44685,407.75019999999995,297.5625,461.32396666666665,429.7789,235.31525,200.2539,452.25077500000003,370.3633,338.13753333333335,237.46405000000001,481.8297,351.74503333333337,313.2468666666667,325.60156666666666,388.46995,473.96223333333336,344.59255,463.83386666666667,364.20236666666665,325.4625,440.0575666666667,431.97029999999995,398.21616666666665,269.28165,388.41380000000004,294.5961,431.79845
30,2021-01-03,13:30:00,310.83776666666665,318.3784,320.93620000000004,289.8828,314.0533666666667,232.0367,283.71093333333334,303.4672,321.8521,340.7802,331.8982,319.91795,312.41066666666666,290.29062500000003,268.4671666666666,352.66875,328.75936666666666,300.9934666666667,284.10252499999996,369.0344,354.54116666666664,334.8281,279.8966333333333,264.38435000000004,294.51666666666665,318.90235,312.33222499999994,305.6699,159.5,309.18395,255.82840000000002,277.1133,292.08930000000004,313.51306666666665,262.01666666666665,284.8898666666667,304.39456666666666,300.39455,261.0137,331.3911666666667,346.1625,269.7896,298.93283333333335,273.64636666666667,296.07419999999996,369.0047,275.35235,208.8281
31,2021-01-03,13:45:00,432.9609,345.87345,220.80079999999998,271.588675,314.22813333333335,308.5172,308.95599999999996,222.11149999999998,310.1156,357.4715,262.51955,283.88023333333336,299.9114666666667,247.0625,317.14373333333333,387.4453,279.19025,272.63983333333334,306.0,311.38475,300.7864666666666,311.1687333333333,203.9034,270.26563333333337,247.2129,294.94036666666665,251.76353333333336,306.0471333333333,230.98776666666663,258.3695333333333,198.65470000000002,245.09896666666668,231.0117,314.92423333333335,287.81483333333335,153.1078,236.54296666666667,292.7869666666666,260.87423333333334,280.2289333333333,243.557225,312.5463666666667,178.9219,294.5226666666667,273.21173333333337,298.5195,273.04355,279.2052
32,2021-01-03,14:00:00,338.28634999999997,512.2992,324.47499999999997,352.6488,345.24946666666665,282.46875,343.3152,365.31719999999996,279.8379,295.78945,344.03753333333333,332.7625,204.27345000000003,273.656275,261.21926666666667,347.13360000000006,320.71796666666665,370.80037500000003,238.1047,319.0380333333333,207.5625,322.3471666666667,321.50075,330.5672,293.90416666666664,384.470925,235.0391,301.39293333333336,200.607,322.1393333333333,416.9937,271.4132666666667,198.71095,366.0818,223.8188,275.52293333333336,338.18696666666665,316.47243333333336,253.86046666666667,334.5469,426.00966666666665,395.768,296.1578333333334,309.5414,289.82815,395.5388,401.47970000000004,306.2285
33,2021-01-03,14:15:00,450.5574,382.6156,416.78324999999995,315.4508,564.6469,400.14349999999996,486.76935000000003,492.65355,498.66955,478.6214,508.6132666666667,516.7539,401.26815,457.33709999999996,439.0362,531.6875,385.9336,328.20705,478.60390000000007,516.6328,420.7,415.76849999999996,493.04613333333344,390.96170000000006,448.3172,308.06565,571.0976499999999,387.1893333333333,386.93803333333335,513.7950666666667,380.0380333333333,486.12654999999995,425.5955666666667,425.08130000000006,432.14529999999996,464.77393333333333,405.33023333333335,455.18906666666663,383.79476666666665,406.7580666666667,453.5224,363.5703,439.1067666666666,436.7344,422.02160000000003,342.6102,463.8211,430.4466
34,2021-01-03,14:30:00,193.4164,182.85,215.63395000000003,179.88749999999996,226.84025000000003,192.38643333333334,221.316,210.27035,215.93359999999998,205.27293333333333,194.13245,208.5426,182.84529999999998,201.082425,186.06560000000002,203.72683333333336,197.32213333333334,192.8945666666667,212.369,188.46310000000003,221.08595,189.8409,208.4586,187.9742,210.09375,199.22943333333333,211.7260666666667,228.6242,185.43595,199.59246666666664,197.33176666666668,201.47289999999998,219.9375,215.32213333333334,204.0457,208.37603333333334,198.65366666666668,189.64686666666668,201.44376666666668,216.5754,209.54455000000002,211.9703,197.75390000000002,203.94506666666666,184.06135,211.5203,204.61406666666667,227.22889999999998
35,2021-01-03,14:45:00,127.34430000000002,120.6832,133.508375,117.91513333333334,149.46513333333334,139.7266,148.81456666666668,133.4289,131.49973333333335,144.73669999999998,134.2948,133.81560000000002,119.54415,131.7305,122.1254,134.85493333333332,137.86253333333332,137.81976666666665,134.53555,142.98239999999998,145.3854,144.11485,139.69273333333334,132.1851333333333,142.81119999999999,137.09633333333332,140.1619,150.4125,119.49869999999999,140.97373333333334,138.2031333333333,141.55156666666667,142.34395,143.90026666666665,131.9676,138.81980000000001,142.0995,129.4836,139.38516666666666,141.762,147.70665,138.7151,135.12003333333334,139.99946666666665,131.43933333333334,144.86599999999999,144.7677,140.2224
36,2021-01-03,15:00:00,153.99163333333334,154.25055000000003,159.75,145.05183333333332,173.74480000000003,164.90705,167.22186666666667,158.12706666666668,156.119125,165.5875,163.17225,155.62619999999998,150.33906666666667,155.25,143.79166666666666,163.74426666666668,154.6807,156.57526666666666,159.5495,159.82345,158.12786666666668,161.0336,161.84533333333334,151.49166666666667,154.16795000000002,155.23803333333333,151.3074,167.30035,131.7297,154.23829999999998,157.31253333333333,153.102,158.13646666666668,154.9063,152.16330000000002,160.6918,156.63723333333334,152.3666,156.49843333333334,158.92186666666666,152.1105,160.9976333333333,153.5672,158.98514999999998,151.34663333333333,169.35156666666668,157.566575,159.1789
37,2021-01-03,15:15:00,198.1914,207.06303333333335,197.1125,195.9796666666667,222.31563333333335,194.19686666666666,232.95895000000002,219.8148666666667,213.0185,207.815225,221.6504,204.6774,201.97733333333335,203.0469,195.5068,206.39426666666668,184.6055,184.2871,188.88283333333334,195.1263,180.79685,191.56173333333334,184.8518333333333,180.42265,195.75705,184.9074,188.39273333333335,200.3963666666667,152.02814999999998,190.60209999999998,189.05416666666667,200.57385,184.66926666666666,191.97539999999998,185.85703333333333,194.8203,190.1953,195.99845,193.26276666666664,189.77343333333337,195.75625,194.3086,186.96093333333332,190.96095,180.56066666666666,195.397475,195.86599999999999,189.2406
38,2021-01-03,15:30:00,196.5239333333333,180.89793333333333,179.07425,170.6719,202.1234,197.41070000000002,226.33903333333333,212.09686666666667,186.51666666666665,202.81445000000002,199.3961,181.166025,166.9586,190.457225,157.5633,184.56719999999999,182.04923333333332,185.87160000000003,178.48566666666667,181.66196666666667,188.2669,176.22289999999998,186.05509999999998,179.07603333333336,175.98436666666666,173.9918,173.8438,185.24725,147.71066666666667,175.6271,178.71093333333332,175.52086666666665,179.23596666666666,183.7949,161.18165,185.2844,190.69583333333333,170.99453333333335,181.43355000000003,181.24766666666665,183.90547499999997,175.39215000000002,173.02814999999998,179.91459999999998,179.431,193.4664,184.3492,177.1463666666667
39,2021-01-03,15:45:00,342.7461,317.8867,309.7758,326.8245,364.58595,319.20183333333335,377.83555,360.91875,350.47655,367.05806666666666,321.4653666666667,198.56835,180.092375,313.2862,307.9239666666667,320.18205,265.02245,254.6695,298.9617,314.60315,308.0836,283.1229,259.1312666666667,252.97813333333337,289.76460000000003,288.37420000000003,246.127725,309.8203,206.0307333333333,281.3492,267.3159,302.75115,333.5598,314.04065,315.27500000000003,283.48333333333335,252.10545,274.5781,215.18179999999998,290.56120000000004,278.2565,271.4693,315.2039,267.84766666666667,289.5707,288.97305,310.73400000000004,312.8265666666667
40,2021-01-03,16:00:00,145.77265,153.35963333333333,152.1836,147.77030000000002,168.67136666666667,147.89556666666667,168.2869,162.90053333333333,143.8914,145.20263333333332,147.67866666666666,112.934175,105.64689999999999,142.77866666666668,136.42677500000002,156.4125,130.9918,119.60703333333333,124.7026,133.06643333333332,134.67083333333332,129.00390000000002,133.2117,121.07343333333331,136.80753333333334,138.87553333333335,127.07499999999999,137.12736666666666,103.775,143.1612,145.62619999999998,125.9203,142.0285,150.706,127.53045,127.21353333333332,130.06016666666667,119.45505,129.50053333333335,129.33203333333333,126.23204999999999,131.72813333333332,137.8357,137.11329999999998,127.72185,138.8849,131.34179999999998,130.6625
41,2021-01-03,16:15:00,160.21873333333335,167.32606666666666,114.3005,133.65913333333333,138.48073333333332,180.3,142.70856666666668,143.16456666666667,152.80315,146.44063333333332,128.71873333333335,107.45705,91.26769999999999,150.7348,124.2461,180.5578,135.9891,115.53620000000001,135.18435,124.93203333333332,151.8457,129.64793333333333,170.9297,128.66066666666666,132.53023333333334,117.91602499999999,117.19375,124.83569999999999,93.4547,121.55443333333335,122.42603333333334,127.77163333333333,126.78906666666667,107.85000000000001,131.01094999999998,115.8047,132.0614666666667,119.76055,115.08256666666666,115.375,127.634175,126.22186666666666,102.88595000000001,126.14636666666667,99.50704999999999,136.6911333333333,119.67683333333333,122.5367
42,2021-01-03,16:30:00,84.38619999999999,83.0047,85.044,72.82683333333334,100.2387,82.37733333333334,96.725,86.75523333333335,83.1178,92.00156666666665,96.96485,80.331,77.6836,86.42656666666666,65.1297,88.069325,89.5781,71.67654999999999,76.06093333333334,86.9604,82.87423333333334,81.99996666666667,81.12396666666666,72.82446666666667,81.81586666666668,85.69024999999999,78.6789,91.6229,67.98673333333333,80.42110000000001,79.03699999999999,81.8956,77.22943333333335,84.16716666666666,68.6047,84.35703333333333,81.1591,75.68596666666667,80.53829999999999,82.85836666666665,81.2969,84.24300000000001,79.27499999999999,81.21383333333334,75.83073333333333,88.1711,86.44713333333334,88.00936666666666
43,2021-01-03,16:45:00,84.67186666666666,84.4125,83.48903333333334,80.38280000000002,105.49426666666666,93.24182499999999,99.85963333333332,88.69816666666667,93.7012,93.62836666666668,90.84295,82.47526666666667,73.61093333333334,90.52293333333334,77.513675,95.23880000000001,82.36223333333334,77.02535,81.65936666666667,86.88413333333334,91.9219,84.48413333333333,86.91276666666666,77.11873333333334,81.53225,79.2896,89.48005,86.87795,72.84143333333334,83.97526666666666,80.0307,86.94426666666668,86.45859999999999,84.36433333333332,81.6409,81.46823333333333,80.94973333333333,80.45703333333334,79.59116666666667,83.60963333333333,82.60053333333333,85.5625,80.71433333333333,81.91300000000001,69.79220000000001,89.8839,80.65585,89.81873333333333
44,2021-01-03,17:00:00,60.8008,63.89846666666667,60.911699999999996,62.2503,76.95283333333333,65.9133,89.14479999999999,68.99216666666666,71.95,84.8891,68.51616666666666,49.01835,46.1789,79.46513333333333,48.657833333333336,77.35623333333335,54.35233333333333,44.12316666666667,51.768499999999996,56.84246666666667,54.651833333333336,54.03986666666666,58.89946666666666,50.69063333333333,54.726150000000004,65.3906,54.280875,62.1953,47.1086,54.71146666666667,54.87683333333333,55.29999999999999,54.160725,56.17916666666667,49.71796666666666,59.874766666666666,59.12629999999999,47.06146666666666,54.262766666666664,58.5797,55.637233333333334,60.2428,53.4219,59.9,48.427600000000005,74.93515,61.10233333333333,64.138875
45,2021-01-03,17:15:00,103.46199999999999,126.20705,127.57056666666666,102.73865,129.42526666666666,133.8734,128.86953333333335,112.0582,108.14373333333333,123.6832,121.60260000000001,44.03203333333334,50.699225000000006,108.61043333333333,92.76955,133.7612,64.9508,36.63153333333333,39.74843333333333,67.58076666666666,61.49893333333333,54.68233333333334,71.7172,58.34193333333334,63.61995,63.14535,68.7513,73.76379999999999,56.1013,65.88463333333334,65.62916666666668,62.7695,67.7559,61.68905,62.1156,69.61095,64.91226666666667,57.20366666666666,62.86043333333333,64.53566666666666,61.1211,73.3125,61.596900000000005,66.80496666666667,57.34455,78.0795,62.96405,72.5371
46,2021-01-03,17:30:00,84.20665,79.84946666666666,70.0935,91.88905,69.7992,109.1716,86.80886666666667,93.3943,85.11055,92.18849999999999,56.3703,40.2188,41.6281,93.27263333333333,64.58869999999999,79.981,27.625,30.46013333333333,32.273199999999996,47.50756666666667,46.20806666666667,0.0,43.528099999999995,38.40233333333333,48.211999999999996,39.3418,39.525,54.68723333333333,36.05,36.0961,44.86566666666666,45.83493333333333,44.97083333333334,52.90573333333333,39.736700000000006,36.0797,40.88333333333333,45.7508,42.9146,46.155499999999996,42.65806666666666,52.250499999999995,43.031800000000004,47.4914,41.0375,50.61279999999999,53.703633333333336,41.48595
47,2021-01-03,17:45:00,19.878666666666668,24.6422,30.0781,20.02733333333333,37.610166666666665,30.037499999999998,35.3534,17.152,25.250600000000002,40.085899999999995,27.534174999999998,21.178366666666665,19.5578,31.1625,16.6004,40.5781,21.204433333333334,19.851833333333335,21.260433333333335,27.270799999999998,25.510166666666667,21.71485,21.304299999999998,18.84476666666667,23.71215,20.2875,23.307033333333333,33.14215,18.5966,20.513033333333336,20.0578,21.485666666666663,18.4646,23.63045,18.203133333333334,27.1004,26.125349999999997,18.50195,23.374233333333333,26.3,20.912233333333333,24.892000000000003,19.283833333333334,23.7164,22.511699999999998,32.1988,23.779933333333332,27.154933333333332
48,2021-01-03,18:00:00,6.421599999999999,6.1437333333333335,10.6906,2.2469,19.5492,15.984399999999999,19.2051,11.451550000000001,6.86485,14.545924999999999,11.1523,9.375766666666665,3.728925,10.4238,0.3218666666666667,17.648933333333332,9.014066666666666,8.522133333333333,10.18005,14.5357,12.134633333333333,14.642199999999999,11.350533333333333,7.018233333333332,12.667700000000002,9.112533333333333,9.133799999999999,19.902866666666664,9.722133333333334,9.217166666666666,9.0582,11.8203,8.265633333333334,14.528666666666666,6.0812333333333335,13.9987,11.517975,6.9879,11.483833333333335,11.797399999999998,11.024466666666667,11.874600000000001,8.405700000000001,12.126033333333334,3.7672,20.794533333333334,10.9883,15.4169
49,2021-01-03,18:15:00,0.0,0.0,0.029403030303030306,0.0,13.175,9.2812,13.275,3.0,0.0,0.0,0.0,0.0,0.0,0.0,0.0,6.7203,0.0,0.0,0.0,0.0,0.0,0.0,1.4156199999999999,0.6672,2.76525,2.3109,0.0,11.975,3.9188,2.9938,0.10102,0.0,0.0,1.75,0.6516,5.184,3.9188,0.0,0.0,5.8703,0.0,3.8320499999999997,2.1562,0.0,0.3641,10.5039,4.8953,0.0
50,2021-01-03,18:30:00,0.0,0.0,0.0,0.0,0.0,0.0,0.0,0.0,0.0,0.0,0.0,0.0,0.0,0.0,0.0,0.0,0.0,0.0,0.0,0.0,0.0,0.0,0.0,0.0,0.0,0.0,0.0,0.0,0.0,0.0,0.0,0.0,0.0,0.0,0.0,0.0,0.0,0.0,0.0,0.0,0.0,0.0,0.0,0.0,0.0,0.0,0.0,0.0
51,2021-01-03,18:45:00,0.0,0.0,0.0,0.0,0.0,0.0,0.0,0.0,0.0,0.0,0.0,0.0,0.0,0.0,0.0,0.0,0.0,0.0,0.0,0.0,0.0,0.0,0.0,0.0,0.0,0.0,0.0,0.0,0.0,0.0,0.0,0.0,0.0,0.0,0.0,0.0,0.0,0.0,0.0,0.0,0.0,0.0,0.0,0.0,0.0,0.0,0.0,0.0
52,2021-01-03,19:00:00,0.0,0.0,0.0,0.0,0.0,0.0,0.0,0.0,0.0,0.0,0.0,0.0,0.0,0.0,0.0,0.0,0.0,0.0,0.0,0.0,0.0,0.0,0.0,0.0,0.0,0.0,0.0,0.0,0.0,0.0,0.0,0.0,0.0,0.0,0.0,0.0,0.0,0.0,0.0,0.0,0.0,0.0,0.0,0.0,0.0,0.0,0.0,0.0
53,2021-01-03,19:15:00,0.0,0.0,0.0,0.0,0.0,0.0,0.0,0.0,0.0,0.0,0.0,0.0,0.0,0.0,0.0,0.0,0.0,0.0,0.0,0.0,0.0,0.0,0.0,0.0,0.0,0.0,0.0,0.0,0.0,0.0,0.0,0.0,0.0,0.0,0.0,0.0,0.0,0.0,0.0,0.0,0.0,0.0,0.0,0.0,0.0,0.0,0.0,0.0
54,2021-01-03,19:30:00,0.0,0.0,0.0,0.0,0.0,0.0,0.0,0.0,0.0,0.0,0.0,0.0,0.0,0.0,0.0,0.0,0.0,0.0,0.0,0.0,0.0,0.0,0.0,0.0,0.0,0.0,0.0,0.0,0.0,0.0,0.0,0.0,0.0,0.0,0.0,0.0,0.0,0.0,0.0,0.0,0.0,0.0,0.0,0.0,0.0,0.0,0.0,0.0
55,2021-01-03,19:45:00,0.0,0.0,0.0,0.0,0.0,0.0,0.0,0.0,0.0,0.0,0.0,0.0,0.0,0.0,0.0,0.0,0.0,0.0,0.0,0.0,0.0,0.0,0.0,0.0,0.0,0.0,0.0,0.0,0.0,0.0,0.0,0.0,0.0,0.0,0.0,0.0,0.0,0.0,0.0,0.0,0.0,0.0,0.0,0.0,0.0,0.0,0.0,0.0
