,Data,Hora,OP4.1.1 I (A),OP4.1.2 I (A),OP4.1.3 I (A),OP4.1.4 I (A),OP4.1.5 I (A),OP4.1.6 I (A),OP4.1.7 I (A),OP4.1.8 I (A),OP4.1.9 I (A),OP4.1.10 I (A),OP4.1.11 I (A),OP4.1.12 I (A),OP4.1.13 I (A),OP4.1.14 I (A),OP4.1.15 I (A),OP4.1.16 I (A),OP4.1.17 I (A),OP4.1.18 I (A),OP4.1.19 I (A),OP4.1.20 I (A),OP4.1.21 I (A),OP4.1.22 I (A),OP4.2.1 I (A),OP4.2.2 I (A),OP4.2.3 I (A),OP4.2.4 I (A),OP4.2.5 I (A),OP4.2.6 I (A),OP4.2.7 I (A),OP4.2.8 I (A),OP4.2.9 I (A),OP4.2.10 I (A),OP4.2.11 I (A),OP4.2.12 I (A),OP4.2.13 I (A),OP4.2.14 I (A),OP4.2.15 I (A),OP4.2.16 I (A),OP4.2.17 I (A),OP4.2.18 I (A),OP4.2.19 I (A),OP4.2.20 I (A),OP4.2.21 I (A),OP4.2.22 I (A),OP4.3.1 I (A),OP4.3.2 I (A),OP4.3.3 I (A),OP4.3.4 I (A),OP4.3.5 I (A),OP4.3.6 I (A),OP4.3.7 I (A),OP4.3.8 I (A),OP4.3.9 I (A),OP4.3.10 I (A),OP4.3.11 I (A),OP4.3.12 I (A),OP4.3.13 I (A),OP4.3.14 I (A),OP4.3.15 I (A),OP4.3.16 I (A),OP4.3.17 I (A),OP4.3.18 I (A),OP4.3.19 I (A),OP4.3.20 I (A),OP4.3.21 I (A),OP4.3.22 I (A),OP4.4.1 I (A),OP4.4.2 I (A),OP4.4.3 I (A),OP4.4.4 I (A),OP4.4.5 I (A),OP4.4.6 I (A),OP4.4.7 I (A),OP4.4.8 I (A),OP4.4.9 I (A),OP4.4.10 I (A),OP4.4.11 I (A),OP4.4.12 I (A),OP4.4.13 I (A),OP4.4.14 I (A),OP4.4.15 I (A),OP4.4.16 I (A),OP4.4.17 I (A),OP4.4.18 I (A),OP4.4.19 I (A),OP4.4.20 I (A),OP4.5.1 I (A),OP4.5.2 I (A),OP4.5.3 I (A),OP4.5.4 I (A),OP4.5.5 I (A),OP4.5.6 I (A),OP4.5.7 I (A),OP4.5.8 I (A),OP4.5.9 I (A),OP4.5.10 I (A),OP4.5.11 I (A),OP4.5.12 I (A),OP4.5.13 I (A),OP4.5.14 I (A),OP4.5.15 I (A),OP4.5.16 I (A),OP4.5.17 I (A),OP4.5.18 I (A),OP4.5.19 I (A),OP4.5.20 I (A),OP4.5.21 I (A),OP4.5.22 I (A),OP4.6.1 I (A),OP4.6.2 I (A),OP4.6.3 I (A),OP4.6.4 I (A),OP4.6.5 I (A),OP4.6.6 I (A),OP4.6.7 I (A),OP4.6.8 I (A),OP4.6.9 I (A),OP4.6.10 I (A),OP4.6.11 I (A),OP4.6.12 I (A),OP4.6.13 I (A),OP4.6.14 I (A),OP4.6.15 I (A),OP4.6.16 I (A),OP4.6.17 I (A),OP4.6.18 I (A),OP4.6.19 I (A),OP4.6.20 I (A),OP4.6.21 I (A),OP4.6.22 I (A),OP4.7.1 I (A),OP4.7.2 I (A),OP4.7.3 I (A),OP4.7.4 I (A),OP4.7.5 I (A),OP4.7.6 I (A),OP4.7.7 I (A),OP4.7.8 I (A),OP4.7.9 I (A),OP4.7.10 I (A),OP4.7.11 I (A),OP4.7.12 I (A),OP4.7.13 I (A),OP4.7.14 I (A),OP4.7.15 I (A),OP4.7.16 I (A),OP4.7.17 I (A),OP4.7.18 I (A),OP4.7.19 I (A),OP4.7.20 I (A),OP4.7.21 I (A),OP4.7.22 I (A),OP4.8.1 I (A),OP4.8.2 I (A),OP4.8.3 I (A),OP4.8.4 I (A),OP4.8.5 I (A),OP4.8.6 I (A),OP4.8.7 I (A),OP4.8.8 I (A),OP4.8.9 I (A),OP4.8.10 I (A),OP4.8.11 I (A),OP4.8.12 I (A),OP4.8.13 I (A),OP4.8.14 I (A),OP4.8.15 I (A),OP4.8.16 I (A),OP4.8.17 I (A),OP4.8.18 I (A),OP4.8.19 I (A),OP4.8.20 I (A),OP4.8.21 I (A),OP4.8.22 I (A),OP4.9.1 I (A),OP4.9.2 I (A),OP4.9.3 I (A),OP4.9.4 I (A),OP4.9.5 I (A),OP4.9.6 I (A),OP4.9.7 I (A),OP4.9.8 I (A),OP4.9.9 I (A),OP4.9.10 I (A),OP4.9.11 I (A),OP4.9.12 I (A),OP4.9.13 I (A),OP4.9.14 I (A),OP4.9.15 I (A),OP4.9.16 I (A),OP4.9.17 I (A),OP4.9.18 I (A),OP4.9.19 I (A),OP4.9.20 I (A),OP4.9.21 I (A),OP4.9.22 I (A)
0,2021-12-05,06:00:00,0.0,0.0,0.0,0.0,0.0,0.0,0.0,0.0,0.0,0.0,0.0,0.0,0.0,0.0,0.0,0.0,0.0,0.0,0.0,0.0,0.0,0.0,0.0,0.0,0.0,0.0,0.0,0.0,0.0,0.0,0.0,0.0,0.0,0.0,0.0,0.0,0.0,0.0,0.0,0.0,0.0,0.0,0.0,0.0,0.0,0.0,0.0,0.0,0.0,0.0,0.0,0.0,0.0,0.0,0.0,0.0,0.0,0.0,0.0,0.0,0.0,0.0,0.0,0.0,0.0,0.0,0.0,0.0,0.0,0.0,0.0,0.0,0.0,0.0,0.0,0.0,0.0,0.0,0.0,0.0,0.0,0.0,0.0,0.0,0.0,0.0,0.0,0.0,0.0,0.0,0.0,0.0,0.0,0.0,0.0,0.0,0.0,0.0,0.0,0.0,0.0,0.0,0.0,0.0,0.0,0.0,0.0,0.0,0.0,0.0,0.0,0.0,0.0,0.0,0.0,0.0,0.0,0.0,0.0,0.0,0.0,0.0,0.0,0.0,0.0,0.0,0.0,0.0,0.0,0.0,0.0,0.0,0.0,0.0,0.0,0.0,0.0,0.0,0.0,0.0,0.0,0.0,0.0,0.0,0.0,0.0,0.0,0.0,0.0,0.0,0.0,0.0,0.0,0.0,0.0,0.0,0.0,0.0,0.0,0.0,0.0,0.0,0.0,0.0,0.0,0.0,0.0,0.0,0.0,0.0,0.0,0.0,0.0,0.0,0.0,0.0,0.0,0.0,0.0,0.0,0.0,0.0,0.0,0.0,0.0,0.0,0.0,0.0,0.0,0.0,0.0,0.0,0.0,0.0,0.0,0.0
1,2021-12-05,06:15:00,0.075,0.0625,0.0,0.125,0.05,0.13125,0.05315,0.0,0.010166666666666666,0.1375,0.0688,0.07189999999999999,0.05,0.025,0.0,0.0625,0.0938,0.14961764705882352,0.0719,0.0,0.0312,0.07815,0.0344,0.0,0.025,0.06565,0.0188,0.0656,0.0625,0.08755,0.025,0.04375,0.0938,0.025639999999999996,0.09065000000000001,0.0,0.0438,0.0625,0.0,0.0,0.0688,0.125,0.0375,0.0,0.05315,0.1063,0.01376,0.0813,0.04375,0.0563,0.0688,0.04583333333333334,0.02815,0.0375,0.12330454545454544,0.03336666666666666,0.0938,0.0,0.0094,0.10005,0.0844,0.15315,0.0,0.0,0.06875,0.0312,0.10627142857142857,0.0375,0.075,0.0188,0.075,0.0813,0.05315,0.0813,0.11565,0.09375,0.0594,0.007418181818181818,0.0312,0.0938,0.09065000000000001,0.0,0.053149999999999996,0.0688,0.0,0.0312,0.0875,0.0188,0.0688,0.02815,0.0625,0.025,0.025,0.0165,0.0,0.07189999999999999,0.1063,0.0,0.06565,0.0,0.025025,0.07815,0.10315,0.08002000000000001,0.0,0.0,0.06875,0.025,0.031266666666666665,0.03125,0.025,0.0,0.0688,0.0625,0.0,0.0688,0.01875,0.06565,0.025,0.06875,0.05031500000000001,0.05,0.1063,0.075,0.1688,0.1688,0.125,0.0969,0.02815,0.0125,0.0688,0.0375,0.05,0.075,0.0219,0.0875,0.0,0.0625,0.025,0.014075,0.09065000000000001,0.01376,0.1125,0.1063,0.05,0.1,0.04375,0.0,0.005,0.12190000000000001,0.10314999999999999,0.15,0.0375,0.075,0.0938,0.1063,0.0,0.075,0.04065,0.1063,0.07189999999999999,0.0813,0.0156,0.1875,0.0813,0.06255000000000001,0.0813,0.16875,0.1125,0.05728333333333333,0.0,0.11565,0.005681818181818182,0.0824375,0.031266666666666665,0.1,0.06565,0.0375,0.07189999999999999,0.075,0.0813,0.11841111111111112,0.05625,0.0,0.025,0.01565,0.0875,0.025,0.05,0.05005,0.1063,0.1,0.016,0.03541111111111111,0.075,0.1625
2,2021-12-05,06:30:00,0.13123333333333334,0.1292,0.09999999999999999,0.17815,0.1313,0.21565,0.14375,0.107825,0.075,0.17815,0.120325,0.1094,0.115625,0.0969,0.0344,0.16879999999999998,0.21875,0.2344,0.2625,0.168775,0.1469,0.14793333333333333,0.11565,0.0969,0.125,0.14375,0.178125,0.12815,0.13956666666666667,0.1625,0.09844999999999998,0.0938,0.1562,0.16040000000000001,0.15623333333333334,0.07035,0.1594,0.11670000000000001,0.08126666666666667,0.10625000000000001,0.13125,0.19687500000000002,0.10210000000000001,0.126575,0.11876666666666667,0.15416666666666667,0.09583333333333333,0.15416666666666667,0.11669999999999998,0.13336666666666666,0.15416666666666667,0.1125,0.075,0.09793333333333333,0.18595,0.15209999999999999,0.1749666666666667,0.1063,0.10626666666666666,0.2094,0.15625,0.1896,0.1042,0.10206666666666668,0.1625,0.08543333333333332,0.2271,0.13125,0.126575,0.0542,0.10625000000000001,0.125,0.13125,0.126575,0.16043333333333334,0.15,0.1375,0.1396,0.16253333333333334,0.14376666666666668,0.13956666666666667,0.05,0.17185,0.1063,0.0792,0.10416666666666667,0.125,0.065625,0.13440000000000002,0.1094,0.1042,0.11666666666666665,0.13333333333333333,0.13333333333333333,0.125,0.11666666666666665,0.1562,0.107825,0.11876666666666667,0.1094,0.11875000000000001,0.1688,0.14376666666666668,0.18907500000000002,0.09845000000000001,0.037500000000000006,0.0875,0.0646,0.14376666666666668,0.125,0.12083333333333335,0.018766666666666668,0.1063,0.10315,0.15,0.1,0.0719,0.1688,0.11876666666666667,0.1,0.09793333333333333,0.0813,0.13126666666666667,0.11876666666666667,0.21046666666666666,0.1844,0.1125,0.15315,0.15315,0.09793333333333333,0.13125,0.1063,0.10833333333333334,0.13123333333333334,0.08755,0.15416666666666667,0.11876666666666665,0.125,0.07916666666666668,0.0969,0.14685,0.125,0.1969,0.17815,0.12190000000000001,0.1396,0.11565,0.08963333333333334,0.04375,0.18963333333333332,0.1625,0.19166666666666665,0.15935,0.157825,0.13956666666666667,0.13755,0.07083333333333335,0.14376666666666668,0.14379999999999998,0.157825,0.1417,0.10785,0.11565,0.22083333333333333,0.1792,0.14685,0.15002500000000002,0.2438,0.171875,0.1844,0.13746666666666665,0.18543333333333334,0.12083333333333333,0.1708333333333333,0.13125,0.15416666666666667,0.125,0.15935,0.1094,0.1844,0.1625,0.19583333333333333,0.1042,0.12187500000000001,0.05416666666666667,0.05625,0.13125,0.0688,0.11670000000000001,0.13956666666666667,0.1578,0.1594,0.0938,0.1703,0.15836666666666668,0.24375
3,2021-12-05,06:45:00,0.19375,0.2542,0.17185,0.35005,0.28125,0.3604,0.25,0.0,0.1896,0.33904999999999996,0.28540000000000004,0.20210000000000003,0.17504999999999998,0.17655,0.0625,0.6333333333333334,0.6333666666666666,0.7062666666666667,0.6917,0.6344000000000001,0.628125,0.5375,0.153125,0.1812666666666667,0.19065,0.2469,0.24996666666666667,0.2,0.2937666666666667,0.37496666666666667,0.3396333333333333,0.276575,0.278125,0.3271,0.35309999999999997,0.2875,0.3687333333333333,0.3438,0.310975,0.317225,0.38127500000000003,0.45315,0.31565,0.3521,0.2094,0.2844,0.20629999999999998,0.3375,0.225,0.2146,0.22293333333333334,0.17500000000000002,0.1469,0.17185,0.25,0.2469,0.21565,0.18956666666666666,0.17815,0.2396,0.22505,0.25206666666666666,0.1646,0.1875,0.2469,0.15413333333333334,0.2375,0.19166666666666665,0.19166666666666665,0.0,0.15416666666666667,0.21253333333333332,0.16875,0.1844,0.2188,0.2344,0.2,0.1625,0.225,0.2,0.20003333333333337,0.11875000000000001,0.2271,0.17706666666666668,0.12190000000000001,0.17293333333333336,0.1891,0.11666666666666665,0.17504999999999998,0.15315,0.1375,0.1896,0.1896,0.19065,0.190625,0.1562,0.206275,0.15,0.1781,0.1688,0.1625,0.19376666666666667,0.17815,0.2604,0.13956666666666664,0.08543333333333332,0.14166666666666666,0.1125,0.21253333333333332,0.1688,0.1875,0.10005,0.15836666666666668,0.1375333333333333,0.2271,0.1781,0.1469,0.2396,0.1875,0.1521,0.16040000000000001,0.14373333333333335,0.1891,0.173475,0.25315,0.2563,0.2000333333333333,0.2328,0.2,0.1854,0.19586666666666666,0.16876666666666665,0.15315,0.21565,0.15,0.2167,0.19793333333333332,0.16876666666666665,0.1458,0.173425,0.16876666666666665,0.1813,0.25625,0.22505,0.18543333333333334,0.20629999999999998,0.15416666666666667,0.15315,0.11043333333333334,0.24375,0.1875,0.2344,0.23126666666666665,0.2271,0.21459999999999999,0.20625,0.1094,0.19583333333333333,0.20420000000000002,0.2438,0.19166666666666665,0.2,0.1896,0.29995,0.21565,0.18336666666666668,0.20625,0.30626666666666663,0.2687,0.25416666666666665,0.21253333333333332,0.22505,0.1688,0.2437666666666667,0.3646,0.2313,0.24377500000000002,0.2719,0.19169999999999998,0.25626666666666664,0.2167,0.2688,0.2,0.16879999999999998,0.1,0.125,0.1896,0.1422,0.1688,0.19373333333333334,0.22505,0.20005,0.15416666666666667,0.2,0.2167,0.29685
4,2021-12-05,07:00:00,0.2791666666666666,0.44065,0.4422,0.548475,0.47503333333333336,0.6083666666666666,0.5583333333333335,0.41564999999999996,0.46459999999999996,0.6031,0.5813,0.29793333333333333,0.23754999999999998,0.22505,0.11043333333333333,1.01565,0.975,1.0063,1.1583333333333334,0.9594,1.07815,1.0771,0.19166666666666665,0.2,0.22505,0.2396,0.3313,0.229725,0.6083666666666666,0.7469,0.6916666666666668,0.7187666666666667,0.49375,0.7646000000000001,0.6771333333333334,0.47815,0.5688,0.6219,0.5188,0.675,0.69065,0.59065,0.4313,0.3313,0.348425,0.45,0.3063,0.5187333333333334,0.55005,0.6291666666666667,0.6219,0.43284999999999996,0.17815,0.45940000000000003,0.5219,0.47815,0.2833333333333333,0.23126666666666665,0.20626666666666668,0.2812,0.26253333333333334,0.29059999999999997,0.2,0.20210000000000003,0.290625,0.1812666666666667,0.2771,0.2094,0.22505,0.14996666666666666,0.19845000000000002,0.22713333333333333,0.2188,0.2167,0.2271,0.2688,0.2,0.2146,0.25206666666666666,0.2094,0.22505,0.17293333333333336,0.2833333333333334,0.23336666666666664,0.14583333333333334,0.20210000000000003,0.22505,0.15209999999999999,0.23129999999999998,0.1812666666666667,0.19374999999999998,0.2167,0.22972499999999998,0.2167,0.2625333333333333,0.19687500000000002,0.2625333333333333,0.18543333333333334,0.20210000000000003,0.20000000000000004,0.21043333333333333,0.23336666666666664,0.23336666666666664,0.2895666666666667,0.2,0.10833333333333334,0.20626666666666668,0.1469,0.24065,0.20626666666666668,0.21043333333333333,0.12916666666666668,0.18546666666666667,0.1688,0.23435,0.23125,0.1667,0.2656,0.22086666666666668,0.17920000000000003,0.19793333333333332,0.1688,0.2344,0.25,0.30625,0.2979,0.2188,0.2812,0.2541333333333333,0.2,0.2219,0.2041666666666667,0.20782500000000004,0.2188,0.20000000000000004,0.21565,0.23336666666666664,0.21876666666666666,0.1781,0.2094,0.242225,0.22814999999999996,0.28435,0.2688,0.2313,0.25939999999999996,0.1875,0.19583333333333333,0.17500000000000002,0.29685,0.2687333333333333,0.31043333333333334,0.26666666666666666,0.2531,0.2562666666666667,0.25939999999999996,0.15836666666666668,0.225,0.24065,0.285925,0.23336666666666664,0.20836666666666667,0.21565,0.35314999999999996,0.25625,0.2344,0.235975,0.33125,0.29059999999999997,0.3062666666666667,0.2438,0.2854,0.2146,0.2875,0.61565,0.6041666666666666,0.70625,0.6641,0.56565,0.5312,0.2833333333333333,0.2771,0.21459999999999999,0.2041666666666667,0.11670000000000001,0.1375,0.22296666666666667,0.1469,0.20784999999999998,0.22086666666666668,0.25003333333333333,0.25,0.22086666666666666,0.28750000000000003,0.25,0.33126666666666665
5,2021-12-05,07:15:00,0.3188,0.25416666666666665,0.5437333333333333,0.9792,0.8531249999999999,0.8375,0.8437666666666667,0.8047,0.8062999999999999,0.9359500000000001,0.86565,0.7875,0.40209999999999996,0.4375,0.185975,1.5109750000000002,1.5281500000000001,1.4750333333333332,1.6187666666666667,1.4937666666666667,1.45315,1.3583666666666667,0.2313,0.2219,0.25315,0.26666666666666666,0.3594,0.2562,0.35005,0.43755,0.9479333333333333,1.0437666666666667,0.8750333333333332,1.1719,1.0625,0.9500500000000001,1.0542,1.14065,0.9438000000000001,0.9583666666666666,0.9062666666666667,0.9895999999999999,0.9594,0.8875,0.7719,0.7083333333333334,0.7000250000000001,0.6645666666666666,0.875,0.85625,0.65,0.9020999999999999,0.725,0.85625,1.0688,0.8999999999999999,0.9417,0.85,0.7312666666666666,0.5562666666666667,0.31666666666666665,0.32083333333333336,0.23336666666666664,0.2281,0.3125,0.19793333333333332,0.32293333333333335,0.22505,0.2625,0.1791666666666667,0.23336666666666664,0.2604,0.2313,0.2516,0.250025,0.29163333333333336,0.24586666666666668,0.21565,0.2812,0.243775,0.2708333333333333,0.19065,0.29685,0.2625,0.187525,0.24586666666666668,0.225,0.1791666666666667,0.2688,0.23126666666666665,0.2,0.26666666666666666,0.2708,0.2656,0.2688,0.2292,0.2562,0.2354333333333333,0.2469,0.22086666666666668,0.2375333333333333,0.26565,0.29583333333333334,0.3125,0.2094,0.1625,0.20315,0.175,0.2563,0.23753333333333335,0.2354333333333333,0.1521,0.2354333333333333,0.20210000000000003,0.27185000000000004,0.24586666666666668,0.2167,0.29583333333333334,0.24065,0.2,0.2354333333333333,0.19583333333333333,0.24586666666666668,0.2812,0.3250333333333333,0.34170000000000006,0.26666666666666666,0.290625,0.284375,0.2271,0.23754999999999998,0.2292,0.2219,0.2562,0.22505,0.25833333333333336,0.24065,0.25005,0.18543333333333334,0.24793333333333334,0.2656,0.25625,0.3354,0.325025,0.26666666666666666,0.3125,0.20836666666666667,0.23754999999999998,0.19065,0.32083333333333336,0.312525,0.3688,0.30416666666666664,0.2875,0.29064999999999996,0.2844,0.21253333333333332,0.2750333333333333,0.27815,0.31666666666666665,0.25,0.2688,0.23129999999999998,0.36875,0.27815,0.26043333333333335,0.28125,0.35000000000000003,0.3208666666666667,0.35314999999999996,0.27709999999999996,0.30625,0.25934999999999997,0.33440000000000003,0.8354333333333334,0.8813,0.8531250000000001,1.1844000000000001,0.8734249999999999,0.9844,0.5854,0.30833333333333335,0.22503333333333334,0.2167,0.13956666666666667,0.1625,0.2609,0.20626666666666668,0.25003333333333333,0.2313,0.273425,0.2708,0.2417,0.29064999999999996,0.2937666666666667,0.3625
6,2021-12-05,07:30:00,0.393775,0.3354333333333333,0.3375333333333333,0.7791666666666667,1.3313,1.39065,1.2875,1.2958666666666667,1.2530999999999999,1.4344000000000001,1.30625,1.26565,1.51255,0.6219,0.26875,2.0375,2.03755,2.093775,2.0958666666666668,2.1208666666666667,1.5469,0.425,0.27499999999999997,0.31046666666666667,0.32032499999999997,0.39690000000000003,0.43125,0.3333333333333333,0.37189999999999995,0.45626666666666665,1.4833333333333334,1.50625,1.4583666666666666,1.7313,1.4854333333333332,1.2999999999999998,1.4396000000000002,1.475,1.5917000000000001,1.4375,1.4771,1.4938,1.5141,1.467225,1.1979666666666666,1.2666666666666666,1.1562,1.2187666666666666,0.80005,1.3292000000000002,1.06565,1.2250333333333332,1.164075,1.1438000000000001,1.2875,1.1166666666666667,1.0031,1.1219000000000001,1.1250333333333333,1.2083666666666666,1.0104333333333333,0.38439999999999996,0.3125,0.29996666666666666,0.41719999999999996,0.3000333333333333,0.3854333333333333,0.30157500000000004,0.33749999999999997,0.2188,0.30005,0.3520666666666667,0.3156,0.3125,0.34065,0.34789999999999993,0.29685,0.30937499999999996,0.3344,0.0,0.2875,0.27815,0.375,0.29373333333333335,0.2791666666666667,0.3125,0.3187666666666667,0.2521,0.2844,0.3083333333333333,0.2688,0.3,0.32815,0.3041333333333333,0.3688,0.29375,0.3104,0.3416666666666666,0.3,0.2969,0.3333333333333333,0.3645666666666667,0.3438,0.4,0.2469,0.2063,0.3041666666666667,0.25315,0.32916666666666666,0.30623333333333336,0.3313,0.19586666666666666,0.2875,0.27086666666666664,0.3688,0.30416666666666664,0.27815,0.3645666666666667,0.3375,0.2791666666666667,0.27185,0.2833333333333333,0.32184999999999997,0.33746666666666664,0.4062333333333334,0.41873333333333335,0.3416666666666666,0.38749999999999996,0.35,0.29375,0.0,0.325,0.28123333333333334,0.3156,0.29845,0.33749999999999997,0.4,0.30315000000000003,0.2891,0.28435,0.34530000000000005,0.339075,0.4124999999999999,0.40829999999999994,0.34170000000000006,0.4062666666666667,0.3104333333333333,0.30619999999999997,0.28123333333333334,0.4166666666666667,0.41255,0.4354,0.37185,0.385925,0.3645666666666667,0.33956666666666663,0.29375,0.36875,0.3604333333333334,0.0,0.2875,0.32293333333333335,0.32913333333333333,0.41564999999999996,0.370325,0.3594,0.3594,0.4354,0.4,0.41559999999999997,0.35935,0.38749999999999996,0.45206666666666667,0.5811999999999999,1.4417,1.5203499999999999,1.53755,1.5125,1.51565,1.5312999999999999,1.45005,0.38749999999999996,0.30625,0.32499999999999996,0.19583333333333333,0.24373333333333333,0.32083333333333336,0.28753333333333336,0.32503333333333334,0.2875,0.3458666666666667,0.33125,0.3125,0.4062333333333334,0.3666333333333333,0.41719999999999996
7,2021-12-05,07:45:00,0.4625,0.4125,0.4375,0.5500333333333334,0.8395999999999999,1.16255,1.29535,1.6562999999999999,1.6583666666666665,1.753125,1.74845,1.7083666666666666,1.8094000000000001,1.51565,0.9375333333333334,2.5125333333333333,2.5938,2.6875,2.26875,2.5656499999999998,2.128175,1.468775,0.29583333333333334,0.33126666666666665,0.3719,0.3833333333333333,0.47814999999999996,0.425,0.4875333333333334,0.6437666666666666,1.3645666666666667,1.8291666666666668,1.9854333333333332,2.01565,1.90315,1.7781500000000001,1.7906499999999999,1.7687666666666668,1.6500333333333332,1.8396000000000001,1.7469000000000001,1.8375,1.7781500000000001,1.7896,1.375,1.5958666666666668,1.0266,0.5604333333333334,1.8896,1.9479333333333333,1.3688,1.56875,1.5416999999999998,1.4917,1.5141,1.090625,0.55,1.1562666666666666,1.2979333333333332,1.51565,0.61565,0.48130000000000006,0.41247500000000004,0.3666666666666667,0.5083666666666667,0.36043333333333333,0.4458333333333333,0.36565000000000003,0.3937,0.2729,0.38439999999999996,0.4062,0.39166666666666666,0.4000333333333333,0.4,0.43125,0.36095,0.3625,0.425,0.3854333333333333,0.3979333333333333,0.3520999999999999,0.4542,0.3875,0.3438,0.3833333333333333,0.4145666666666667,0.3375333333333333,0.415625,0.3708666666666667,0.3625,0.4166666666666667,0.4437333333333333,0.4062333333333334,0.4291666666666667,0.37293333333333334,0.45,0.3844,0.3791333333333333,0.36043333333333333,0.4031,0.4125,0.4291666666666667,0.46460000000000007,0.3833333333333333,0.29375,0.0,0.3125,0.375,0.37706666666666666,0.36046666666666666,0.2542,0.34065,0.32499999999999996,0.3895666666666666,0.3729,0.3094,0.4229333333333334,0.3687666666666667,0.33440000000000003,0.3458666666666666,0.34793333333333326,0.38439999999999996,0.40935,0.4688,0.4969,0.39375,0.4594,0.42815000000000003,0.39690000000000003,0.40624999999999994,0.4031,0.3958333333333333,0.44065,0.40935,0.45940000000000003,0.41875,0.4083666666666666,0.3812333333333333,0.42032500000000006,0.45935,0.4625,0.521875,0.5125500000000001,0.44999999999999996,0.7333666666666666,0.42505,1.5,0.7344,1.50625,1.2062666666666668,0.9166666666666666,0.5833333333333334,0.5063,0.5458666666666666,0.50005,0.4187666666666667,0.5229666666666667,0.49793333333333334,0.6594,0.45315,0.46046666666666675,0.5708333333333333,0.5750500000000001,0.51875,0.81255,0.8438,0.6124999999999999,0.5312666666666667,0.5562666666666667,0.5021333333333333,0.589075,0.90315,1.3229333333333335,1.9146,1.8937666666666668,1.8854333333333333,1.9109500000000001,1.7641,1.8765749999999999,1.9875333333333334,0.4542,0.36095,0.3666666666666667,0.26666666666666666,0.27815,0.34793333333333337,0.32499999999999996,0.3687666666666667,0.3541666666666667,0.4031,0.43595,0.39690000000000003,0.4770999999999999,0.4646333333333333,0.5125500000000001
8,2021-12-05,08:00:00,0.47814999999999996,0.3875,0.4375,0.5833666666666667,0.5625333333333333,1.1271333333333333,2.079166666666667,1.9708666666666668,1.8062666666666667,2.17815,2.2719,2.0656499999999998,2.0,2.1125333333333334,1.8563,2.7125,2.65,2.5812666666666666,2.7687666666666666,2.820866666666667,2.7646,2.6593999999999998,0.3458666666666666,0.34685,0.39064999999999994,0.4229333333333334,0.507825,0.44376666666666664,0.49065000000000003,0.5875333333333334,1.7312500000000002,2.1229333333333336,2.3979333333333335,1.9708666666666665,2.35625,1.8500333333333334,1.934375,2.2292,2.2375499999999997,1.8916666666666668,2.0500499999999997,2.3344,0.0,2.1,1.95625,1.7396,1.7916666666666667,2.36565,2.33435,0.0,2.225,1.6531500000000001,1.7937666666666665,1.8,0.74375,2.381266666666667,2.0875000000000004,2.0833,1.5521333333333331,1.601575,1.7688,0.6875249999999999,0.5271,0.43125,0.5458666666666666,0.4083333333333334,0.46670000000000006,0.41095000000000004,0.4375,0.3125,0.3937333333333333,0.4458333333333333,0.4031,0.4166666666666667,0.4583333333333333,0.476575,0.3896,0.4083333333333334,0.4583333333333333,0.425,0.4563,0.36456666666666665,0.4875333333333334,0.4406,0.3666666666666667,0.4375,0.4604333333333333,0.3895666666666666,0.43543333333333334,0.4125,0.375,0.4479,0.46565,0.4563,0.46670000000000006,0.3917,0.4604333333333333,0.44065,0.42815000000000003,0.4083333333333334,0.4437,0.4625,0.43437499999999996,0.49169999999999997,0.4,0.3375,0.41559999999999997,0.3813,0.75935,0.9594,0.55,0.30206666666666665,0.3646,0.3625333333333334,0.4125,0.3979333333333333,0.3312333333333333,0.4406,0.39166666666666666,0.35624999999999996,0.41043333333333337,0.3708333333333333,0.4041666666666666,0.41875,0.5188,0.5312666666666667,0.42919999999999997,0.4937666666666667,0.49065000000000003,0.44065,0.46875,0.44844999999999996,0.43333333333333335,0.47713333333333335,0.4437749999999999,0.4812666666666667,0.479725,0.46875,0.44789999999999996,0.4938,0.5219,0.5291666666666667,1.4125000000000003,0.5750000000000001,1.0844,2.2938,2.1094,2.02815,1.9468750000000001,2.3000333333333334,2.3625000000000003,2.38755,2.2750333333333335,1.8,2.1,2.4187666666666665,2.25,2.4562666666666666,2.383366666666667,2.26565,2.2896,2.1812750000000003,2.2958333333333334,2.320866666666667,2.0188,2.00625,2.2156000000000002,2.2479333333333336,2.147933333333333,2.4,1.8344,2.2624999999999997,1.2937750000000001,2.2094,1.9729,2.175,2.10625,2.11565,2.0500333333333334,2.1833666666666667,2.0583666666666667,0.46459999999999996,0.42185,0.3854,0.2781,0.2812,0.37815,0.3562666666666667,0.4062333333333333,0.4,0.45002499999999995,0.4875,0.4270666666666667,0.5313,0.49793333333333334,0.5396
9,2021-12-05,08:15:00,0.4688,0.375,0.642175,2.0729333333333333,2.6219,2.6891,2.76255,2.5312666666666668,2.4063,2.537533333333333,2.7437750000000003,2.7167,2.6646,2.65625,2.418775,3.3171999999999997,3.26875,3.4,3.2625,3.26875,3.3458666666666663,3.17815,0.32815,0.35003333333333336,0.3594,0.4062,0.5146333333333334,0.4124999999999999,0.4375,0.5719000000000001,1.8328250000000001,2.7896,2.8093500000000002,2.792175,2.795833333333333,2.4146,2.5166666666666666,2.6094,2.6083333333333334,2.5604,2.54375,2.6687666666666665,2.66255,2.73125,2.8083666666666667,2.8166666666666664,2.7531499999999998,2.775,2.8312999999999997,2.8188,2.8094,2.316666666666667,1.4646000000000001,0.495325,2.977066666666667,2.9219,2.7687666666666666,2.49065,2.4062,2.07505,1.9938,0.6125,2.5708333333333333,0.8833333333333333,0.50935,0.3708666666666667,0.42185,0.3906,0.375,0.3,0.3208333333333333,0.41875,0.37503333333333333,0.38126666666666664,0.3953,0.4313,0.3594,0.375,0.43435,0.3969,0.40937500000000004,0.325,0.45625,0.4166666666666667,0.35836666666666667,0.4094,0.8333333333333334,0.8875,0.4406,0.4437,0.4041666666666666,0.4312666666666667,0.4438,0.45,0.4375,0.395325,0.4458333333333333,0.4271,0.40935,0.3958,0.42655,0.45002499999999995,0.4031,0.47815,0.4094,0.328125,0.3563,0.3172,0.8583333333333334,0.7896333333333333,0.37815,0.2791666666666666,0.3625,0.3125,0.396875,0.3563,0.3438,0.4062,0.3458333333333334,0.35,0.34380000000000005,0.33960000000000007,0.3854333333333333,0.42086666666666667,0.46459999999999996,0.5,0.42083333333333334,0.46255,0.450025,0.375,0.4375,0.4312666666666667,0.4145666666666667,0.4708666666666666,1.0625333333333333,1.3666666666666665,1.76565,2.3271,2.9875000000000003,2.329166666666667,3.0083333333333333,2.8729333333333336,3.0021,2.9250333333333334,2.83125,2.8719,2.637525,2.684375,2.67815,2.8125,2.9062666666666668,2.71875,2.8166666666666664,2.8594,2.73595,2.9875000000000003,2.81875,2.9104333333333336,2.9062,2.84845,2.54375,2.8708333333333336,2.725,2.9187666666666665,2.6750000000000003,2.5469,2.7375249999999998,2.7687666666666666,2.868766666666667,2.825,2.9,2.841666666666667,1.9875,2.6656500000000003,2.2,2.4469,2.529166666666667,2.6083333333333334,2.32505,2.40315,2.36875,0.46460000000000007,0.3874666666666666,0.398425,0.2562666666666667,0.25626666666666664,0.356275,0.34535000000000005,0.39166666666666666,0.37083333333333335,0.4,0.4125,0.4,2.0833666666666666,1.4104333333333334,0.5250333333333334
10,2021-12-05,08:30:00,0.4479,1.525025,3.0833333333333335,3.28125,3.14685,3.28125,3.03125,2.84065,2.9291666666666667,3.2531749999999997,3.2938,3.1719,3.1375,3.1562666666666668,2.9062,3.8437,3.8625,3.82815,3.88125,3.732825,3.779166666666667,3.746925,0.31456666666666666,0.3375,0.3520999999999999,0.3875333333333333,0.47814999999999996,0.4,0.4312666666666667,0.6770999999999999,2.92815,3.179166666666667,3.2271,3.3770666666666664,3.3250333333333337,2.9344,2.9979333333333336,3.1333333333333333,3.0479333333333334,3.07655,3.0688,3.0531,3.2843999999999998,3.172966666666667,3.3041666666666667,3.320866666666667,3.175,3.25625,3.3094,3.2687666666666666,3.295833333333333,3.1916999999999995,2.15625,2.9125,3.4375,3.2854666666666668,3.26565,2.8729,3.13125,2.3937666666666666,1.982825,3.214633333333333,2.962533333333333,3.00625,1.531275,0.5666666666666667,0.43285,0.3844,0.38434999999999997,0.2687,0.34065,0.4062,0.36043333333333333,0.37706666666666666,0.4062,0.4270666666666667,0.3563,0.3469,0.41250000000000003,0.39166666666666666,0.41255,0.3250333333333333,0.4854333333333334,0.4062,0.3375333333333333,0.375,2.528125,3.0375,3.0438,2.19375,2.4771,2.4291666666666667,1.9297000000000002,1.4021,3.125,2.283333333333333,2.670833333333333,2.539075,2.3125,1.70315,1.8843999999999999,2.3770666666666664,0.41043333333333337,0.525,0.3771,0.3094,0.3625,0.3187,0.7103999999999999,0.43543333333333334,0.39065,0.23963333333333334,0.34793333333333326,0.3313,0.39690000000000003,0.3542,0.3021,0.3953,0.3375,0.34169999999999995,0.35625,0.35005,0.39375,0.39786666666666665,0.4687666666666666,0.48124999999999996,0.3938,0.4563,0.5167,0.3812,0.8270666666666667,1.86565,3.25,3.1625,3.383366666666667,3.3542,3.3438,3.2312666666666665,3.4937666666666662,3.46565,3.4437666666666664,3.3562666666666665,3.6375,3.3125,3.2390749999999997,3.353125,3.2208333333333337,3.095866666666667,3.275,3.303125,3.33125,3.307825,3.0875,3.45005,3.29375,3.35,3.2896,3.34065,3.34375,3.3468999999999998,3.158333333333333,3.3468999999999998,3.1750249999999998,3.4812666666666665,3.0625,2.9771,3.225,3.181266666666667,3.3281,3.3187749999999996,3.10625,3.23125,2.5063,3.21565,3.147933333333333,3.1875,3.3094,3.3417,2.975,3.1437333333333335,3.2417,0.46565,0.3625,0.37185,0.2188,0.24375,0.37815,0.31670000000000004,0.35213333333333335,0.3354333333333333,0.42815000000000003,0.41874999999999996,0.3875333333333333,3.2812,3.325,1.93755
11,2021-12-05,08:45:00,3.475,3.5,3.60005,3.6062333333333334,3.5141,3.6854333333333336,3.4667,3.4688,3.431266666666667,3.735433333333333,3.6958333333333333,3.595325,3.525033333333333,3.647933333333333,3.4344,4.1688,4.24375,4.10935,4.165649999999999,4.127066666666667,4.0875,4.0781,0.33959999999999996,0.3469,0.3688,0.3953,0.50315,0.41873333333333335,0.48336666666666667,0.5167,3.1208666666666667,3.4375,3.7250333333333336,3.7,3.7031,3.33125,3.2469,3.4875333333333334,3.46565,3.46875,3.4718999999999998,3.5641,3.75,3.53755,3.710433333333333,3.70005,3.571925,3.6063,3.6646,3.7250333333333336,3.67815,3.5438,3.4438000000000004,3.2469,3.7140750000000002,3.725,3.6833666666666667,3.2687749999999998,3.7229000000000005,3.5583333333333336,3.5875,3.614075,3.26255,3.5188,3.8094,2.27815,0.4563,0.375,0.39685,0.2875,0.35314999999999996,0.4166666666666667,0.3938,0.4125,0.41875,0.8406499999999999,0.9188,0.42293333333333333,0.43753333333333333,0.4479333333333333,1.1344,1.05315,1.5219,0.9729333333333333,1.1219000000000001,0.39786666666666665,3.4375,0.0,3.4396,3.3479333333333336,3.2896,3.86565,3.65,3.4969,3.5666999999999995,3.6313,3.8208333333333333,3.8688,3.51255,3.345866666666667,3.5812666666666666,3.7062666666666666,2.4875499999999997,1.1687666666666667,0.5541666666666667,2.341666666666667,2.9422,3.65315,0.42086666666666667,0.37083333333333335,0.3438,0.24065,0.34687500000000004,0.32503333333333334,0.39217500000000005,0.3792,0.3083666666666667,0.4062,0.36875,0.36043333333333333,0.375,0.3542,0.5234500000000001,0.9146000000000001,0.5219,0.5594,0.9437666666666665,0.9094,1.27185,1.025,3.7156000000000002,3.701575,3.7479333333333336,3.6167,3.7937666666666665,3.7937666666666665,3.6125000000000003,3.57505,3.8156499999999998,3.725,3.820866666666667,3.716666666666667,3.91875,3.6833666666666667,3.6688,3.8896333333333337,3.5729,3.56875,3.6781249999999996,3.7000333333333337,3.6937499999999996,3.6469,3.585925,3.7583333333333333,3.70005,3.8187666666666664,3.5844,3.7792,3.7937666666666665,3.7,3.4969,3.7125,3.59065,3.8729333333333336,3.4812666666666665,3.3708333333333336,3.500033333333333,3.5781,3.710975,3.7312666666666665,3.482825,3.6417,3.09065,3.60935,3.58435,3.670833333333333,3.61565,3.7719,3.4062,3.6344000000000003,3.6937666666666664,3.4292,2.77345,2.475,0.23753333333333335,0.29059999999999997,0.41875,0.3271,0.3896,0.3916666666666666,0.44376666666666664,1.3125333333333333,0.45,4.073425,3.9729000000000005,3.98125
12,2021-12-05,09:00:00,3.90625,3.8375,3.9583666666666666,4.031266666666666,4.125,4.122966666666667,3.9328250000000002,3.7531499999999998,3.8813,4.25,4.193766666666667,4.116666666666667,3.9292000000000002,4.125,3.8833333333333333,4.56095,4.583366666666667,4.578125,4.65005,4.45625,4.409375,4.4,0.33749999999999997,0.3375,0.3937333333333333,0.3937333333333333,0.5125500000000001,0.43125,0.47503333333333336,1.71875,3.3094,3.93125,4.1667,4.070275,4.078125,3.7125000000000004,3.6297250000000005,3.8854,3.8515749999999995,3.8791999999999995,3.8021,4.016633333333334,3.9416666666666664,3.9687666666666668,4.01565,4.162466666666666,3.9375,3.9896,4.0938,4.0938,3.9375,3.9328250000000002,3.7,3.4916666666666667,4.2,4.179133333333334,3.9656000000000002,3.65625,4.1249666666666664,3.9583333333333335,4.033333333333334,4.125,3.6,3.945866666666667,4.15,3.81875,0.47293333333333337,0.40315,0.43956666666666666,0.33125000000000004,0.3916666666666666,0.45625,1.6812666666666667,2.125,3.779725,4.071899999999999,3.91255,3.2937666666666665,0.47815,0.4729666666666667,3.55315,3.5187333333333335,3.6917000000000004,3.4958666666666667,4.0687,0.424975,3.3562999999999996,3.8844,3.8297,3.7313,3.58125,4.239566666666667,3.98125,3.960433333333333,4.058333333333334,3.8969,4.185433333333333,4.15315,3.8875,3.7958,4.00315,3.9781,2.9813,3.789633333333333,1.3854,2.5187666666666666,3.9125,4.010949999999999,0.4250333333333334,0.3937333333333333,0.36565000000000003,0.2624666666666667,0.32083333333333336,0.33959999999999996,0.41559999999999997,0.3937333333333333,0.32709999999999995,0.41874999999999996,0.38126666666666664,0.3937,0.4437,0.8291666666666666,2.3125,2.6125333333333334,2.1375,3.216666666666667,2.4896,3.1854333333333336,2.1083666666666665,2.35,4.158366666666666,4.202066666666666,4.125,4.031266666666666,4.1562,4.29375,4.008333333333334,3.9167,4.15,4.1396,4.160433333333334,4.1562,4.125,4.079166666666667,4.0781,4.1562,0.0,3.8688000000000002,4.1063,4.162533333333333,4.102133333333334,4.0354,3.9281,4.172933333333334,3.9667,4.0687999999999995,3.9812666666666665,4.1344,4.0781,4.2188,3.67815,4.0625,3.858333333333333,4.2228666666666665,3.852066666666667,3.704166666666667,4.0062999999999995,3.8958666666666666,4.1250333333333336,4.0313,3.9187666666666665,4.0395666666666665,3.7792,3.9333333333333336,3.9844,4.006266666666667,3.8875,4.0604000000000005,3.812533333333333,4.04685,3.98125,3.9687666666666668,3.9270666666666667,3.795833333333333,2.1906,0.3094,0.47293333333333337,0.34065,0.4146,0.38749999999999996,0.47293333333333337,4.3749666666666664,2.96565,4.504166666666666,4.304166666666666,4.429166666666666
13,2021-12-05,09:15:00,4.3281,4.204166666666667,4.25315,4.3688,4.2937666666666665,4.5354,4.4375,4.1688,4.1875,4.4333,4.3625,4.5187333333333335,4.395325,4.45625,4.2813,4.972966666666666,4.8656,4.90315,4.950033333333333,4.775,4.91245,4.881233333333333,0.35833333333333334,0.357825,0.37083333333333335,0.4166666666666667,0.5270666666666667,0.4312666666666667,0.4729666666666667,4.2625,4.0792,4.337533333333333,4.64065,4.55,4.5563,3.9625,4.041666666666667,4.2438,4.1844,4.3375,4.175,4.2438,4.43125,4.26255,4.4125,4.525,4.25315,4.341666666666667,4.45,4.4750250000000005,4.375,4.306266666666667,4.095833333333333,3.887525,4.606249999999999,4.4875,4.3797,3.9791333333333334,4.425033333333333,4.362525,4.387466666666667,4.418733333333333,3.9500333333333337,4.3688,4.4604333333333335,4.221875000000001,0.5354666666666668,0.425,0.48963333333333336,2.375,4.425,4.5688,4.479675,4.129675,4.321899999999999,4.410433333333334,4.0625,4.331225,4.134399999999999,3.0781,4.35935,4.3646,4.512499999999999,4.106233333333333,4.2812,4.027066666666667,4.1453,4.08435,4.16875,4.045833333333333,3.8844000000000003,4.634399999999999,4.320833333333334,4.2094000000000005,4.4,4.233333333333333,4.556266666666666,4.55625,4.302066666666666,4.0844000000000005,4.333366666666667,4.320866666666666,3.6875,4.1312999999999995,4.3438,4.199999999999999,4.3542,4.4531,0.4291666666666667,0.40625,0.33959999999999996,0.250025,0.3719,0.36043333333333333,0.4542,0.41564999999999996,0.3313,0.4666666666666666,0.45625,0.45626666666666665,2.7562333333333338,4.377066666666667,4.24375,4.446899999999999,4.5667,4.6625,4.543733333333333,4.7125,4.570866666666666,4.543749999999999,4.581266666666666,4.449999999999999,4.495833333333334,4.425,4.6,4.47185,4.4219,4.3094,4.4771,4.475,4.506266666666667,4.4094,4.5896,4.55,4.331266666666667,4.5172,4.1979,4.175,4.54375,4.47185,4.46255,4.406233333333334,4.297933333333333,4.4969,4.4,4.634399999999999,4.31875,4.38125,4.40315,4.5062,4.15625,4.395833333333333,4.1188,4.6021,4.343766666666666,4.050050000000001,4.2375,0.0,4.42495,4.45,4.252066666666667,4.4625,4.3530999999999995,4.30625,4.379166666666666,4.3031500000000005,4.420866666666666,4.4167,4.125,4.39375,4.350025,4.2917,4.268766666666667,4.1219,4.58125,0.3781,0.5063,0.37345,0.425,0.4125,0.5187666666666667,4.79375,4.6266,4.95315,4.6906,4.806266666666667
14,2021-12-05,09:30:00,4.751575,4.5667,4.62185,4.785433333333333,4.6750333333333325,4.866666666666666,4.71565,4.60625,4.53435,4.875,4.885949999999999,4.8979333333333335,4.7719000000000005,4.89375,4.5594,5.2708,5.229166666666667,5.15315,5.2270666666666665,5.1562,5.1125,5.160433333333334,0.36875,0.3708333333333333,0.3625,0.39376666666666665,0.5583333333333333,0.4708666666666667,1.4729333333333334,4.425,4.40315,4.625,4.7719000000000005,4.8125,4.7438,4.291666666666666,4.381266666666666,4.5328,4.529166666666667,4.516666666666667,4.4719,4.6125333333333325,4.8125,4.576575,4.9281500000000005,4.8375,4.71565,4.73435,4.8625,4.6813,4.816666666666666,4.57815,4.3688,4.22185,4.879166666666666,4.7771,4.779166666666667,4.295866666666666,4.7625,4.745866666666667,4.720866666666667,4.75625,4.304166666666667,4.5781,4.975,0.0,3.4687333333333332,4.579675,4.904166666666666,4.618775,4.6062666666666665,4.80625,4.906266666666666,4.4833,4.7729333333333335,4.8656500000000005,4.4417,4.716666666666667,4.635949999999999,4.308366666666667,4.732825,4.7021,4.8354,4.3979,4.597933333333334,4.5718499999999995,4.34375,4.360399999999999,4.416666666666667,4.441633333333333,4.2375,4.9646,4.587533333333333,4.628125,4.6594,4.574999999999999,4.883333333333333,4.785433333333334,4.583366666666667,4.412466666666666,4.693766666666666,4.7146,3.95,4.431266666666667,4.635433333333333,4.577100000000001,4.571899999999999,4.7625,0.41559999999999997,0.39586666666666664,0.35314999999999996,0.25939999999999996,0.34375,0.3895666666666666,0.44789999999999996,0.41559999999999997,0.35003333333333336,0.5188,0.5041666666666668,0.5594,4.558366666666667,4.6562,4.47185,4.84065,4.904166666666667,4.9042,4.85935,4.9563,5.0062999999999995,4.95,5.08125,4.783366666666667,4.883366666666666,4.65625,4.781233333333334,4.82655,4.745833333333333,4.7656,4.868766666666667,4.891666666666667,4.897966666666666,4.743766666666667,4.948425,4.8281,4.7396,4.8937,4.5594,4.46565,4.8479,4.781266666666666,4.78125,4.745325,4.729166666666667,4.864566666666667,4.6583,4.8896,4.75,4.7354,4.875,4.7124999999999995,4.400033333333334,4.7905999999999995,4.649966666666667,4.9125,4.6406,4.3729000000000005,4.64065,4.4875,4.7542,4.8354,4.5978666666666665,4.677066666666667,4.722933333333334,4.6594,4.6281,4.591666666666666,4.72185,4.853149999999999,4.36875,4.8031500000000005,4.625,4.5875,4.62185,4.454725,4.9562,0.3437333333333334,0.6812666666666667,0.425,5.0375,0.453125,0.90315,5.1625000000000005,5.01875,5.283366666666667,4.931233333333333,5.1156
15,2021-12-05,09:45:00,5.0813,4.8625,4.979699999999999,5.1812,5.065625,5.168749999999999,5.0354,5.0,4.8375,5.2375,5.2688,5.1781500000000005,5.134399999999999,5.179199999999999,4.802066666666667,5.514599999999999,5.5344,5.4646,5.5188,5.302066666666667,5.3375,5.449999999999999,0.41663333333333336,0.39375,0.4124999999999999,0.4604333333333333,0.5750500000000001,0.50315,5.0812333333333335,4.8562666666666665,4.75,4.906233333333333,5.11875,5.1125,5.03595,4.59375,4.675,4.8375,4.87185,4.860433333333334,4.8145999999999995,4.92185,5.0813,4.958366666666667,5.134399999999999,5.110399999999999,4.875,5.004166666666666,0.0,5.097933333333333,5.058366666666667,5.0312,4.7375,4.5078,5.16875,5.0729,5.0469,4.6020666666666665,5.0422,5.01565,5.0656,4.991666666666666,4.5469,4.9625,5.310433333333333,4.781233333333334,4.90935,5.093733333333334,5.282824999999999,4.9406,5.0094,5.195833333333334,5.106249999999999,4.843766666666666,5.0469,5.0188,4.7520999999999995,4.993733333333333,4.86875,4.5844000000000005,5.085466666666666,4.991633333333334,5.1844,4.704166666666667,4.8625,4.8,4.7771,4.706275,4.73435,4.7063,4.53435,5.25315,4.8719,4.95005,5.02815,4.9395999999999995,5.17185,5.072933333333333,4.824999999999999,4.764566666666667,5.057825,5.0646,4.458333333333333,4.7,4.920866666666667,4.8688,4.853149999999999,5.00625,0.44376666666666664,0.4438,0.3938,0.27185,0.3625,0.37655000000000005,0.4417,0.41875,0.4125,0.5396,0.5458666666666666,0.5969,4.9146,5.016666666666667,4.759399999999999,5.158366666666667,5.2375,5.2875000000000005,5.177066666666667,5.27815,5.193766666666667,5.3124666666666664,5.2749999999999995,5.0781,5.125,4.9969,5.025,5.1844,5.08595,4.925,5.21565,5.1281,5.1312,5.043749999999999,5.2844,5.1875333333333336,5.052133333333333,5.15315,4.835366666666666,4.868766666666667,5.097933333333333,5.2219,5.15315,5.1125,4.958366666666667,5.18125,4.9999666666666664,5.158366666666666,4.9344,5.1813,5.1875,5.081275,4.775,5.066666666666666,4.875,5.21875,4.872933333333333,4.6000000000000005,4.937525,4.81565,5.075,5.122966666666667,4.8312,4.9406,5.031266666666666,4.9531,4.958366666666667,4.9604,4.99375,5.10935,4.759399999999999,5.0094,5.026575,4.920833333333333,4.906275,4.808366666666666,5.202100000000001,2.3333333333333335,3.2458666666666667,5.25155,5.3437,2.227066666666667,2.316666666666667,5.441666666666666,5.304166666666666,5.62815,5.3094,5.47185
16,2021-12-05,10:00:00,5.43125,5.1469000000000005,5.268766666666667,5.375,5.2656,5.415649999999999,5.358333333333333,5.3374999999999995,5.134399999999999,5.5854333333333335,5.418733333333333,5.408333333333334,5.34685,5.418749999999999,5.208333333333333,5.7375,5.64685,5.6521,5.6875333333333336,5.62815,5.65,5.639600000000001,0.4375,0.4500333333333333,0.440625,0.4604333333333333,0.6271,0.9469000000000001,5.2562999999999995,5.089566666666667,5.0062,5.0625,5.427066666666666,5.3979,5.2812,4.8922,4.8530999999999995,5.15005,5.106249999999999,5.0875,5.075,5.204675,5.2875499999999995,5.175,5.3,5.4437,5.22185,5.2896,5.431233333333334,5.335466666666666,5.337533333333333,5.200033333333333,5.025024999999999,4.7250000000000005,5.40935,5.393766666666667,5.2812,4.866699999999999,5.325033333333333,5.4,5.2594,5.331225,4.8172,5.13125,5.4906500000000005,5.115625,5.228149999999999,5.4313,5.6021,5.17185,0.0,5.4771,5.40315,5.1312999999999995,5.21875,5.3625,5.045325,5.1562,5.1625,4.8125,5.3781,5.2333,5.5375499999999995,4.8656500000000005,5.225,5.2280999999999995,5.025,5.002033333333333,5.043774999999999,4.90315,4.735925,5.5813,5.3145999999999995,5.28435,5.3271,5.0937,5.52185,5.3594,5.05,5.0125,5.3354,5.3125,4.90315,4.985925,5.24375,5.1270999999999995,5.229166666666667,5.2688,0.4666666666666666,0.4542,0.42185,0.27913333333333334,0.3937333333333333,0.4,0.4844,0.47814999999999996,0.425,0.5771000000000001,0.5604333333333333,2.5312,5.183366666666666,5.32655,5.043733333333333,5.3875,5.502066666666667,5.4875,5.43435,5.5938,0.0,5.449999999999999,5.5729,5.3999749999999995,5.452066666666667,5.195833333333334,5.4063,5.435433333333333,5.384399999999999,5.0938,5.42495,5.353125,5.4375,5.20315,0.0,5.468733333333333,5.3416999999999994,5.504166666666666,5.166633333333333,5.068733333333333,5.3843499999999995,5.34065,5.4,5.333333333333333,0.0,5.387499999999999,5.260433333333333,5.483366666666666,5.152066666666666,5.4750000000000005,5.3438,5.3625,5.068766666666666,5.335366666666666,5.0874999999999995,5.41875,5.170866666666666,4.8500000000000005,5.1875,5.058366666666667,5.420866666666666,5.31565,5.15625,5.2469,5.28745,5.268725,5.2895666666666665,5.2396,5.226575,5.414075,4.9125,5.26875,5.3,5.2844,5.2812,5.01875,5.5249999999999995,5.612533333333334,4.0,5.5093499999999995,5.73125,5.7271,3.2719,5.7687,5.59375,5.8453,5.601575,5.7062
17,2021-12-05,10:15:00,5.6646,5.38905,5.4875,5.7604,5.6203,5.781266666666666,5.60315,5.6406,5.3145999999999995,5.8094,5.818733333333333,5.758333333333333,5.709375,5.7250000000000005,5.497933333333333,5.9271,5.893725,5.725,5.902033333333333,5.724966666666667,5.729133333333333,5.8312333333333335,0.4187,0.4354333333333333,0.47815,0.50315,0.65,5.375,5.5208,5.3156,5.2188,5.384375,5.668749999999999,5.6875,5.518766666666667,5.1094,5.137499999999999,5.3625,5.2875,5.3521,5.2781,5.466666666666666,5.531233333333333,5.40625,5.560433333333333,5.6146,5.4875,5.508333333333333,5.675,5.6479333333333335,5.64375,5.321899999999999,5.15625,4.931233333333334,5.725,5.65625,5.543733333333333,5.0375,5.574966666666666,5.522966666666666,5.475033333333333,5.5719,5.043733333333333,5.40315,5.762525,5.420866666666666,5.495833333333334,5.5875,5.835466666666666,5.46255,5.472933333333334,5.759375,5.599999999999999,5.29375,5.4375,5.608366666666666,5.274966666666667,5.478149999999999,5.417225,5.077100000000001,5.533333333333334,5.525,5.720833333333334,5.075,5.429199999999999,5.406266666666667,5.262466666666667,5.1906,5.3292,5.131233333333333,4.93435,5.739566666666666,5.49375,5.485400000000001,5.564566666666667,5.331266666666667,5.675,5.6875,5.36405,5.196899999999999,5.5031,5.495833333333334,5.1094,5.266666666666667,5.409425000000001,5.3515999999999995,5.39065,5.596875000000001,0.48546666666666666,0.4313,0.4229333333333334,0.3187,0.3896,0.4375,0.5375,0.5604333333333333,0.4812666666666667,0.6187666666666667,1.725,5.260466666666667,5.509399999999999,5.5938,5.260433333333333,5.5979,5.65935,5.747933333333333,5.691666666666666,5.7749999999999995,5.683333333333334,5.6979,5.7625,5.622933333333333,5.6583,5.495866666666667,5.612533333333334,5.654133333333333,5.560433333333333,5.4624999999999995,5.615625,5.643766666666667,5.675000000000001,5.484375,5.8125,5.668766666666667,5.4625,5.6562,5.393766666666667,5.225,5.547933333333333,5.6312,5.5625333333333336,5.5437666666666665,5.482799999999999,5.625,5.452066666666667,5.731233333333333,5.518766666666667,5.68125,5.610433333333333,5.58755,5.275033333333333,5.575,5.347933333333333,5.65,5.422933333333333,4.9437,5.422933333333333,5.266666666666667,5.61875,5.575,5.389566666666667,5.5781,5.4770666666666665,5.5125,5.5625,5.435433333333333,5.531266666666667,5.68125,5.1979,5.535925,5.5594,5.2812,5.37185,5.1968499999999995,5.708333333333333,5.8656500000000005,3.0083333333333333,5.770833333333333,5.9906500000000005,5.9417,3.459375,5.9594000000000005,5.8520666666666665,6.1292,5.9146,6.020325
18,2021-12-05,10:30:00,5.90935,5.622899999999999,5.7812,6.08595,5.9437,5.98125,5.8479,5.879166666666666,5.639600000000001,6.02505,6.134399999999999,5.9625,5.966666666666666,5.949999999999999,5.718766666666667,6.074999999999999,6.0854333333333335,6.014049999999999,6.089566666666666,5.866666666666667,5.920866666666666,5.856249999999999,0.4687666666666666,0.46670000000000006,0.485975,0.5270666666666667,0.7281500000000001,5.5896,5.683333333333333,5.491699999999999,5.487533333333334,5.5656,5.891666666666667,5.8406,5.78435,5.3438,5.3187,5.525,5.514566666666667,5.518766666666667,5.4625,5.6594,5.775,5.65315,5.841666666666666,5.8354333333333335,5.634399999999999,5.760949999999999,5.804166666666667,5.820833333333333,5.7594,5.579133333333334,5.4,5.1708,5.854166666666667,5.8937333333333335,5.541666666666667,5.283333333333333,5.808366666666667,5.695833333333333,5.75,5.717174999999999,5.2312666666666665,5.6020666666666665,5.99685,5.5729,5.675,5.801575,6.03125,5.58125,5.72345,5.925,5.7895666666666665,5.516666666666666,5.668733333333333,5.92345,5.4844,5.67185,5.6250333333333336,5.195866666666666,5.768733333333333,5.645833333333333,6.0125,5.298475,5.665649999999999,5.675,5.443766666666666,5.3521,5.4999666666666664,5.389075,5.0813,5.916633333333333,5.6667,5.66875,5.7270666666666665,5.5563,5.925,5.832825,5.5563,5.462533333333333,5.729166666666667,5.743774999999999,5.525,5.4604,5.68435,5.5375,5.656233333333333,5.759399999999999,0.47289999999999993,0.45,0.46094999999999997,0.3094,0.43125,0.4875333333333333,0.5833333333333334,4.21875,1.3666999999999998,1.8792,5.5354,5.4770666666666665,5.674966666666667,5.733333333333333,5.5344,5.9395999999999995,5.904166666666666,6.0020999999999995,5.8375,6.02505,5.95005,5.929166666666667,6.01255,5.8854,5.822933333333334,5.6917,5.7812,5.8719,5.820833333333333,5.5906,5.8094,5.831266666666667,5.95,5.725,5.933333333333333,5.883333333333333,5.7250000000000005,5.854133333333333,5.5896,5.5125,5.84685,5.783333333333334,5.8396,5.735433333333333,5.637499999999999,5.832800000000001,5.633300000000001,5.8469,5.61875,5.80005,5.887466666666666,5.7844,5.5219000000000005,5.7917,5.5,5.917199999999999,5.650033333333333,5.1813,5.645833333333333,5.508333333333333,5.790649999999999,5.775,5.568766666666666,5.71875,5.695833333333333,5.7104,5.728149999999999,5.6479333333333335,5.7593499999999995,5.8,5.4313,5.8063,5.7875,5.620866666666667,5.5625,5.471875,5.9812666666666665,6.04065,2.9890750000000006,5.975,6.175,6.158333333333334,3.6000333333333336,6.1312750000000005,6.025,6.333366666666667,6.0875,6.2
19,2021-12-05,10:45:00,6.143725,5.84375,5.95,6.225,6.0375000000000005,6.206266666666667,6.1312,6.14065,5.79375,6.333333333333333,6.2156,6.233366666666666,6.075,6.1021,5.8688,6.1781,6.15,6.1375,6.193733333333334,6.00625,5.96565,6.11875,0.46460000000000007,0.4771,0.4437,0.5375,1.86565,5.797933333333333,5.870833333333333,5.662533333333333,5.633333333333333,5.743775,5.9844,6.00315,5.9646,5.485949999999999,5.40625,5.75,5.6708,5.6937,5.639566666666667,5.82815,5.8844,5.783333333333334,6.0312,6.0167,5.7719000000000005,5.99375,5.9375,5.981249999999999,5.875,5.7771,5.591666666666666,5.2719000000000005,6.0156,5.9688,5.983366666666666,5.446899999999999,5.9437,5.927066666666666,5.832825,5.8781,5.3875,5.762499999999999,6.12815,5.697933333333334,5.858333333333333,5.946899999999999,6.195833333333333,5.8125,5.8812,6.116633333333333,5.9229666666666665,5.6771,5.84685,6.071899999999999,5.670325,5.858366666666666,5.775,5.495833333333334,5.93435,5.8719,6.118766666666667,5.491666666666667,5.791666666666667,5.7344,5.593733333333333,5.5167,5.61875,5.53125,5.29375,6.06565,5.791666666666667,5.77815,5.875,5.70315,6.0874999999999995,6.0687999999999995,5.675,5.604166666666667,5.870833333333334,5.906233333333333,5.89375,5.575,5.866699999999999,5.71565,5.8104000000000005,5.8646,0.5063,0.49845000000000006,0.50315,0.32713333333333333,0.45836666666666664,0.5021,0.69065,5.85,5.7854,5.9771,5.6688,5.606233333333333,5.8562,5.93125,5.7063,6.0104,6.0672,6.125,5.9625,6.189633333333333,6.1125,6.104133333333333,6.0672,6.040649999999999,5.960466666666666,5.8688,6.0375000000000005,6.012533333333334,5.939633333333333,5.7937666666666665,6.058333333333334,5.985433333333333,6.043733333333333,5.86875,6.15005,6.010433333333334,5.9771,6.035433333333333,5.702133333333333,5.670866666666666,5.9041999999999994,6.0,6.0,5.962466666666667,5.825,5.983333333333333,5.85,6.045325,5.797933333333333,5.9906500000000005,5.99375,5.93285,5.5687,5.94065,5.693766666666666,6.1000000000000005,5.7375,5.4313,5.790649999999999,5.59685,6.0,5.875,5.6969,5.84845,5.862466666666666,5.841666666666666,5.8688,5.7125,5.881266666666666,5.9125,5.59065,5.904133333333334,5.870833333333333,5.803100000000001,5.767200000000001,5.650033333333333,6.099999999999999,6.2531,3.60935,6.1979,6.34375,6.329166666666667,3.6844,6.4375,6.1812499999999995,6.40625,6.283366666666666,6.442175
20,2021-12-05,11:00:00,5.7344,6.0813,6.1146,6.4155999999999995,6.2375,6.3719,6.262533333333334,6.322933333333334,5.97655,6.415649999999999,6.42185,6.39375,6.339074999999999,6.323449999999999,6.075033333333333,6.31565,6.2896,6.31565,6.3281,6.145833333333333,6.135433333333334,6.175,0.4719,0.4375,0.48755,0.56565,5.978149999999999,5.90625,5.9563,5.754133333333333,5.70935,5.881266666666666,6.170299999999999,6.1469000000000005,6.1343499999999995,5.61875,5.5,5.925,5.8281,5.81875,5.806266666666667,5.9,6.040649999999999,5.925,6.143766666666667,6.118766666666667,5.981249999999999,6.0875,6.125,6.1499999999999995,6.110433333333333,5.8625,5.758333333333333,5.454725,6.1531,6.127066666666667,6.1062666666666665,5.568766666666666,6.075,6.058333333333334,6.0229,6.068725,5.547933333333333,5.884399999999999,6.2937666666666665,5.9313,6.025033333333333,6.108333333333334,6.34685,5.95315,6.014566666666667,6.257825,6.1479333333333335,5.8125,5.952066666666667,6.223425,5.8313,6.0,5.954725,5.591666666666666,6.0547249999999995,6.008333333333333,6.2875000000000005,5.6354,5.960366666666666,5.872933333333333,5.81565,5.671875,5.814075,5.660433333333333,5.456266666666667,6.2333,5.97655,6.010466666666666,6.025033333333333,5.889099999999999,6.225033333333333,6.0938,5.8547,5.7375,5.9875,6.074999999999999,6.06565,5.762499999999999,5.9771,5.864566666666666,5.987466666666666,6.0718499999999995,0.5729333333333334,0.5187666666666666,0.5094000000000001,0.30626666666666663,0.446875,0.5000333333333333,2.1375,6.018766666666667,5.9688,6.10625,5.8156,5.821899999999999,6.008366666666667,6.05,5.810433333333333,6.2688,6.25,6.31875,6.143766666666667,6.289075,6.2375,6.2125,6.306266666666667,6.1594,6.11875,6.0156,6.137475,6.1,6.0813,5.9542,6.19065,6.129166666666666,6.1406,5.993774999999999,6.24685,6.1844,6.118733333333334,6.183333333333334,5.8969000000000005,5.8021,6.05625,6.154133333333333,6.082825000000001,6.118774999999999,0.0,6.1188,5.9468499999999995,6.19375,5.92185,6.125,6.15005,6.1437333333333335,5.8406,6.0469,5.818733333333334,6.283333333333334,5.9,5.5438,5.966666666666666,5.779166666666666,6.15,6.100033333333333,5.84685,6.0469,6.0,5.983333333333333,5.9875,5.952099999999999,5.97495,6.071899999999999,5.7,6.0812333333333335,6.0249999999999995,5.966666666666666,5.9750000000000005,5.797899999999999,6.2895666666666665,6.429166666666666,2.27655,6.377066666666667,6.6125,6.5375,3.82505,6.575,6.343733333333333,6.615625,6.49685,6.616666666666667
21,2021-12-05,11:15:00,6.449999999999999,6.071899999999999,6.275,6.5396,6.349966666666667,6.53125,6.3792,6.427066666666666,6.1281,6.560433333333333,6.5271,6.535433333333334,6.52185,6.4812666666666665,6.199999999999999,6.3719,6.3708,6.293733333333333,6.375,6.15,6.150024999999999,6.214566666666667,0.4969,0.5156750000000001,0.5406,0.6375500000000001,6.175,5.9875333333333325,6.075,5.8688,5.83125,6.0062,6.231249999999999,6.277066666666666,6.15005,5.7094000000000005,5.5938,5.9625,5.9375,5.8979333333333335,5.86875,6.025,6.175025,0.0,6.266666666666667,6.256266666666666,6.0687,6.167175,6.220325000000001,6.206266666666667,6.2104333333333335,6.008333333333333,5.831266666666667,5.5645999999999995,6.30785,6.2771,6.175,5.668749999999999,6.216666666666666,6.1625000000000005,6.10315,6.18125,5.6156,6.0020999999999995,6.4344,5.9625,6.1531,6.20625,6.4875,6.0229,6.1062666666666665,6.35625,6.222933333333333,5.9062,6.129133333333333,6.3281,5.92495,6.139049999999999,6.060433333333333,5.679166666666667,6.165649999999999,6.0896,6.3625,5.672933333333333,6.05,6.047933333333333,5.875,5.7688,5.847933333333333,5.6906,5.52815,6.3354333333333335,6.091666666666666,6.13125,6.133366666666667,5.9875,6.358333333333333,6.24375,5.946899999999999,5.8125,6.117175,6.12185,6.0875,5.8625,6.0969,5.96565,6.06565,6.1499999999999995,0.7562333333333333,0.6313,0.4854333333333334,0.3229,0.48755,5.034375000000001,6.1343499999999995,6.0854333333333335,6.006233333333333,6.216666666666666,5.9062,5.862525,6.110433333333333,6.139633333333333,5.90625,6.316666666666667,6.29375,6.415649999999999,6.2188,6.3656,6.3625,6.3438,6.375,6.2125,6.2188,6.0812333333333335,6.2375,6.2188,6.123475,6.0188,6.228149999999999,6.199999999999999,6.2687333333333335,6.0969,6.3500000000000005,6.243733333333334,6.172933333333333,6.270833333333333,5.927066666666666,5.887499999999999,6.16875,6.23435,6.208333333333333,6.214633333333334,6.0875,6.1563,6.0729,6.2469,6.052066666666666,6.235975,6.2687,6.1875,5.8875,6.168733333333333,5.945833333333333,6.372933333333333,5.95315,5.6156,6.100033333333333,5.884399999999999,6.21875,6.2063,5.958333333333333,6.125,6.104166666666667,6.1146,6.097933333333334,5.9625,6.104699999999999,6.260924999999999,5.8172,6.15,6.0917,6.083333333333333,6.07815,5.8812,6.3812999999999995,6.55,1.7156500000000001,6.4624749999999995,6.5938,6.61875,3.89375,6.634399999999999,6.5249999999999995,6.693733333333334,6.5396,6.6249666666666664
22,2021-12-05,11:30:00,6.5625,6.191666666666666,6.40935,6.6521,6.45005,6.5729,6.42185,6.518733333333333,6.2219,6.64845,6.637499999999999,6.5797,6.449999999999999,6.545833333333333,6.2594,6.377066666666667,6.347933333333333,6.3125,6.3562666666666665,6.1438,6.1562,6.222933333333334,0.55,0.5479333333333334,0.5594,1.3563,6.212466666666667,5.995833333333334,6.2,5.875,5.910925000000001,6.033366666666667,6.30935,6.27185,6.187525,5.7406500000000005,5.668733333333333,6.008333333333333,6.001575,5.956266666666667,5.8938,6.09065,6.2063,6.048450000000001,6.29685,6.3031500000000005,6.14375,6.25,6.3313,6.287533333333333,6.279166666666666,6.0667,5.9531,5.6594,6.36255,6.32815,6.295866666666666,5.734375,6.2562999999999995,6.191666666666666,6.166633333333333,6.2292,5.71875,6.054133333333333,6.475033333333333,6.05,6.118766666666666,6.235433333333333,6.462466666666667,6.070833333333333,6.189600000000001,6.410433333333333,6.297933333333333,5.9646,6.166666666666667,6.3333,5.9542,6.168733333333333,6.1125,5.7188,6.239566666666666,6.0938,6.4437,5.71875,6.0969,6.0906,5.914075,5.8469,5.943766666666666,5.7833,5.564075,6.38125,6.17495,6.1188,6.20935,6.0219000000000005,6.4031,6.3218499999999995,6.0291999999999994,5.9,6.196899999999999,6.196899999999999,6.27815,5.904166666666666,6.139566666666667,6.0333,6.158333333333334,6.2271,0.6938,0.6812666666666667,0.6229333333333333,0.9416666666666668,2.8000333333333334,6.0405999999999995,6.20935,6.175,6.098425,6.23755,5.970866666666666,5.9542,6.135466666666666,6.25,5.92185,6.3396,6.312525,6.4395999999999995,6.2375,6.4688,6.364075,6.3937333333333335,6.32815,6.2280999999999995,6.17185,6.1458,6.310433333333333,6.245833333333334,6.1844,6.0625,6.302066666666666,6.2833,6.327133333333333,6.1625250000000005,6.450033333333333,6.298425,6.16875,6.3312333333333335,6.0281,5.95625,6.2188,6.293749999999999,6.218799999999999,6.2188,6.137499999999999,6.3125,6.0645999999999995,6.328125,6.0594,6.2625,6.323425,6.25,5.9624999999999995,6.2146,5.978149999999999,6.393766666666667,6.029166666666666,5.6375,6.0844000000000005,5.9437999999999995,6.258333333333333,6.2208,6.0281,6.1655999999999995,6.139600000000001,6.1781,6.1468750000000005,6.074999999999999,6.1021,6.2375,5.875,6.2188,6.185399999999999,6.1219,6.081266666666667,5.945833333333333,6.445833333333333,6.637499999999999,6.8625,6.65625,6.729166666666667,6.7313,3.9771,6.7687,6.5437666666666665,6.7937666666666665,6.6645666666666665,6.72815
23,2021-12-05,11:45:00,6.512499999999999,6.2687,6.343733333333333,6.7104333333333335,6.490625,6.691666666666666,6.49375,6.6062666666666665,6.191666666666667,6.6645666666666665,6.629166666666666,6.677099999999999,6.5906,6.575,6.308366666666667,6.3906,6.308366666666667,6.2208,6.30625,6.129675000000001,6.093733333333333,6.12815,0.52815,0.5875333333333334,0.6000333333333333,4.3937,6.20625,6.0453,6.2271,5.96565,5.9437,6.059374999999999,6.383333333333333,6.347933333333334,6.270833333333333,5.7833,5.66875,6.041666666666667,6.0312,5.9750000000000005,5.9125,6.0938,6.240625,6.0,4.8396,6.3656,6.156275,6.2812,6.3156,6.24375,6.243733333333334,6.04995,5.875,5.625,6.347933333333333,6.39375,6.3094,5.7479000000000005,6.287475000000001,6.1969,6.18125,6.245866666666667,5.75,6.072933333333332,6.5563,6.077099999999999,6.2406500000000005,6.264566666666667,6.4844,6.0896,6.2292,6.4313,6.2375,5.9969,6.183366666666667,6.3797,6.002066666666667,6.1969,6.125,5.739566666666666,6.2250499999999995,6.172933333333333,6.485399999999999,5.739566666666666,6.154166666666666,6.127066666666667,5.933333333333333,5.841666666666666,5.958333333333333,5.8313,5.641666666666667,6.364566666666666,6.191666666666666,6.175033333333334,6.2297,6.028125,6.3625,6.28435,6.031233333333333,5.89065,6.2375,6.265625,6.237475,5.906233333333333,6.1219,6.0093499999999995,6.1521,6.220866666666667,1.3604,3.3145666666666664,5.6968499999999995,5.452100000000001,6.057825,6.016666666666666,6.229699999999999,6.181233333333334,6.075,6.2625,6.025,5.9625,6.14685,6.23435,5.962533333333333,6.3719,6.3562666666666665,6.4604333333333335,6.312525000000001,6.5104,6.45,6.404166666666666,6.3979,6.287533333333333,6.21875,6.175,6.2749999999999995,6.3145999999999995,6.27815,6.097966666666667,6.27815,6.3292,6.25,6.1781500000000005,6.425033333333334,6.3156,6.2469,6.343766666666667,6.020325,5.9469,6.2688,6.273425,6.279166666666666,6.283333333333334,6.1604,6.345833333333334,6.1521,6.33125,6.1270999999999995,6.3187,6.29375,6.259399999999999,5.968799999999999,6.3104000000000005,5.9646,6.422900000000001,6.031233333333333,5.71565,6.131266666666666,5.943775,6.2562,6.2219,6.025033333333333,6.18595,6.196899999999999,6.189633333333333,6.13755,6.0531500000000005,6.1469000000000005,6.287499999999999,5.893749999999999,6.233333333333333,6.1906,6.145325000000001,6.1062666666666665,5.9688,6.512499999999999,6.670833333333333,6.93125,6.7438,6.766666666666667,6.785433333333334,3.9562999999999997,6.7896,6.527066666666666,6.8187,6.622933333333333,6.810433333333333
24,2021-12-05,12:00:00,6.675,6.259399999999999,6.43125,6.670833333333333,6.4875,6.64375,6.5229,6.606249999999999,6.216666666666666,6.78435,6.665649999999999,6.652066666666666,6.571899999999999,6.6125,6.3031,6.2406,6.231233333333333,6.183366666666667,6.2687333333333335,6.0594,6.0312,6.0531500000000005,0.5250333333333334,0.5687666666666668,0.6438,6.135433333333334,6.2542,0.0,6.1875,5.8688,5.943766666666666,6.02815,6.3453,6.3124666666666664,6.25,5.7749999999999995,5.6875,6.04375,6.01565,6.0156,5.941666666666666,6.012499999999999,6.2229,6.0375499999999995,5.478149999999999,6.28125,6.175,6.1922,6.2219,6.2792,6.1125,6.06875,5.9,5.603149999999999,6.179199999999999,6.4125,6.2688,5.7562,6.172933333333333,6.18435,6.15,6.2656,5.548425,6.068766666666666,6.497933333333333,6.068766666666666,6.183333333333333,6.2375,6.4969,6.0281,6.208366666666667,6.3937333333333335,6.241700000000001,5.970833333333332,6.1594,6.3313,5.9875,6.175,6.1042,5.685433333333333,6.275,6.1354,6.4938,5.7125,6.175,6.1375,5.929199999999999,5.866666666666667,5.972966666666667,5.8187,5.6312,6.389599999999999,6.172933333333333,6.1937,6.1875,6.0188,6.306266666666667,6.2896,6.08125,5.92185,6.23125,6.202100000000001,6.30005,5.9271,6.129674999999999,6.0531500000000005,6.1469000000000005,6.275,5.970866666666666,5.8479,5.9145666666666665,5.7875499999999995,6.0,6.0020999999999995,6.1,6.075,6.0375,6.2792,5.945866666666667,5.9354000000000005,6.0188,6.1625,5.8844,6.2593499999999995,6.3167,6.415649999999999,6.21255,6.445833333333333,6.2844,6.331233333333333,6.34995,6.1844,6.257825,6.133333333333333,6.262533333333333,6.15,6.108333333333333,5.9688,6.26565,6.2469,6.16565,6.0938,6.196899999999999,6.262533333333333,6.1021,6.1844,0.0,5.9083,6.25,6.2875,6.150033333333333,6.0625,6.1875,6.2688,6.114566666666666,6.364075,6.0645999999999995,6.302066666666666,6.2895666666666665,6.229166666666667,6.0,6.2270666666666665,0.0,6.4146,6.012499999999999,5.6125,6.118766666666667,5.86245,6.25,6.231233333333333,6.060433333333333,6.1625,6.15935,6.1270999999999995,6.1625000000000005,6.095866666666666,6.1542,6.26875,5.902066666666666,6.228149999999999,6.110399999999999,6.154133333333334,6.156266666666667,5.9750000000000005,6.479675,6.695866666666667,6.925,6.675,6.841633333333333,6.78435,4.012525,6.71255,6.4563,6.84375,6.7104333333333335,6.79685
25,2021-12-05,12:15:00,6.570833333333333,6.220325,6.44065,6.7844,6.40315,6.650033333333333,6.406225,6.5,6.1917,6.7125,6.6125,6.6354,6.556233333333334,6.546875,6.2469,6.15,6.145833333333333,6.04685,6.118766666666667,5.871875000000001,5.918733333333333,6.045833333333333,0.5188,0.6125,0.8917,6.11875,6.17185,5.924975,6.12035,5.9031,5.806266666666667,5.904166666666666,6.264566666666667,6.2469,6.1687666666666665,5.6667,5.627066666666667,5.9672,5.94065,5.92495,5.9,5.9719,6.193733333333333,6.0000333333333336,6.2771,6.266666666666667,6.0396,6.1625,6.2531,6.281233333333333,6.2812,5.985433333333333,5.8979,5.574999999999999,6.365625,6.321899999999999,6.2641,5.6875,6.23125,6.16875,6.176550000000001,6.187525,5.60625,6.0604000000000005,6.4208,6.016666666666667,6.143766666666667,6.160433333333334,6.393766666666667,6.020866666666667,6.1343499999999995,6.38125,6.177066666666666,5.924975,6.118774999999999,6.310433333333333,5.8938,6.1375,5.9625,5.69375,6.207825000000001,6.1281,6.395866666666667,5.6516,6.09375,6.031233333333333,5.8479,5.80625,5.8729000000000005,5.770833333333333,5.5922,6.4031,6.118733333333334,6.1875,6.166633333333333,6.0078,6.30625,6.25,6.014633333333333,5.810433333333333,6.18905,6.1625000000000005,6.18125,5.875,6.0312,5.985433333333333,6.122899999999999,6.275000000000001,5.958333333333333,5.791666666666667,5.8688,5.86875,5.9719,5.931266666666667,6.145833333333333,6.079166666666666,6.0405999999999995,6.216666666666666,5.920866666666666,5.8781,6.070325,6.0625,5.866699999999999,6.2188,6.277066666666666,6.410466666666667,6.181266666666667,6.354675,6.320325,6.375,6.3438,6.175,6.1219,6.047899999999999,6.17495,6.185433333333333,6.235433333333333,6.020833333333333,6.212533333333333,6.170866666666666,6.229133333333333,6.07815,6.364566666666666,6.2469,6.2094000000000005,6.2813,5.950033333333334,5.86875,6.133333333333333,6.2104,6.200033333333333,6.146875,6.0625,6.2688,6.047933333333333,6.29685,6.02815,6.233333333333333,6.251575,6.16875,5.84685,6.153124999999999,5.91405,6.3094,5.9594000000000005,5.58125,6.0875,0.0,6.210925,6.2396,5.9750000000000005,6.112525,6.0687999999999995,6.01565,6.028124999999999,6.0042,6.106233333333333,6.212466666666667,5.743733333333334,6.0687,6.0792,6.116666666666667,6.09375,5.925,6.49375,6.512499999999999,6.883333333333333,6.5469,6.8021,6.7344,3.9718999999999998,6.739566666666666,6.548450000000001,6.742175,6.577099999999999,6.764100000000001
26,2021-12-05,12:30:00,6.54375,6.12815,6.33435,6.626575,6.387499999999999,6.633333333333333,6.422933333333333,6.5375000000000005,0.0,6.659375000000001,6.593766666666667,6.5625,6.512499999999999,6.510433333333334,6.1625499999999995,6.040649999999999,5.910433333333334,5.9297,6.0375,5.820833333333333,5.79065,5.8458,0.59065,0.6583,1.2062666666666668,6.075,6.093766666666667,5.883366666666667,6.09065,5.781233333333333,5.75,5.8313,6.2146,6.1469000000000005,6.0687,5.5812333333333335,5.529166666666666,5.908333333333334,5.85155,5.822933333333334,5.779166666666666,5.964566666666667,6.054199999999999,5.95625,6.18435,6.22185,6.0396,6.1042,6.1375,6.1937999999999995,6.1297,5.9750499999999995,5.829700000000001,5.545866666666666,6.268766666666667,6.2791999999999994,6.154166666666666,5.666666666666667,6.1,6.145300000000001,6.1188,6.1219,5.583333333333333,6.0031,6.389566666666667,5.941666666666667,6.0469,6.1531,6.360433333333333,5.964566666666667,6.047900000000001,6.279166666666666,6.2063,5.8521,6.025,6.2516,5.871875,6.009399999999999,5.929166666666667,5.609375,6.1,5.9938,6.375,5.6156500000000005,5.99375,6.0,5.7969,5.7375,5.833333333333333,5.6655999999999995,5.493733333333334,0.0,6.037533333333333,6.07815,6.0656,5.884399999999999,6.195866666666667,6.181266666666667,5.889599999999999,5.750025000000001,6.091666666666666,6.08125,6.071899999999999,5.745833333333334,5.941666666666666,5.9062,6.0,6.1219,5.860433333333333,5.74535,5.825,5.7833,5.9062,5.8625,6.077100000000001,6.0,5.9344,6.1458,5.797899999999999,5.77815,5.98125,6.05,5.7771,6.165649999999999,6.1906,6.240600000000001,6.104166666666667,6.3156,6.1719,6.247933333333333,6.216666666666666,6.1270999999999995,6.1031,5.9844,6.179200000000001,6.2125,6.05935,5.8999999999999995,6.0687,6.158333333333334,6.1312999999999995,6.006266666666666,6.233366666666666,6.168733333333333,6.0687999999999995,6.170833333333334,5.8281,5.7729,6.087533333333333,6.1312999999999995,6.1146,6.0813,5.99375,6.1875,5.970833333333334,6.1646,5.9146,6.1521,6.15315,6.04685,5.8469,6.0938,5.816666666666666,6.26875,5.877066666666667,5.534375,6.0,5.797966666666667,6.1875,6.0896,5.85935,6.03125,6.014600000000001,5.993733333333334,5.9344,5.8843499999999995,5.981266666666667,6.1156,5.71875,6.1438,5.9875,6.071899999999999,5.9437,5.783333333333334,6.418749999999999,6.5375,6.79685,6.5547,6.720833333333334,6.697933333333334,5.120324999999999,6.6344,6.4,6.6406,6.525000000000001,0.0
27,2021-12-05,12:45:00,6.4531,6.0104,6.2896,6.58125,6.3145999999999995,6.45005,6.2812,6.479166666666667,6.0672,6.575033333333334,6.5203500000000005,6.4844,6.4125499999999995,6.387533333333333,6.15625,5.9167,5.779166666666666,5.86245,5.893733333333333,5.6,5.6479,5.69375,0.5813,0.6271333333333334,3.7781000000000002,5.916666666666667,5.9938,5.762499999999999,5.968733333333333,5.675,5.654166666666666,5.802066666666666,6.125,6.054133333333333,5.98125,5.485433333333333,5.4146,5.7938,5.7250000000000005,5.6875,5.658366666666666,5.7895666666666665,5.9688,5.801575,1.7703249999999997,6.022966666666666,5.946899999999999,5.9844,6.020833333333333,6.075,5.985433333333333,5.815625,5.697933333333334,5.4042,6.131266666666666,6.150033333333333,6.02815,5.53125,5.989566666666666,5.95625,5.952033333333333,6.000024999999999,5.4792,5.858333333333333,6.25,5.8187999999999995,5.881266666666666,6.0078,6.229166666666667,5.800050000000001,5.945866666666667,6.196899999999999,5.989566666666666,5.716666666666666,5.93125,6.125,5.7562999999999995,5.941666666666666,5.818766666666666,5.4875,6.0312,5.914633333333334,6.2593499999999995,5.51255,5.827133333333333,5.866666666666667,5.7,5.587533333333333,5.6875,5.616666666666667,5.3406,6.220833333333334,5.9,5.906233333333333,5.75,5.785433333333334,6.133300000000001,6.050033333333334,5.7875000000000005,5.59375,5.95625,5.976575,6.029166666666666,5.643766666666667,5.879166666666666,5.8125,5.9375,6.033366666666666,5.7469,5.5938,5.63285,5.625,5.726575,5.7271,5.916666666666667,5.881266666666666,5.8218499999999995,5.991699999999999,5.670833333333333,5.6250333333333336,5.8530999999999995,5.929133333333333,5.668749999999999,6.0844000000000005,6.090624999999999,6.16245,5.945833333333333,6.2042,6.04685,6.083333333333333,6.0854,6.01565,6.0,5.8,5.9344,6.047933333333333,5.9625,5.741666666666667,5.98435,5.97185,6.0687,5.85625,6.1875,6.025,5.95,6.05935,5.724999999999999,5.683333333333334,5.9104,5.99375,5.93435,5.962500000000001,0.0,6.042175,5.8843499999999995,6.05935,5.775,6.0375499999999995,6.060974999999999,5.95,5.70625,5.968766666666667,5.71255,6.2,5.718766666666667,5.475,5.8374999999999995,5.6875,6.018766666666667,5.995833333333334,5.762525,5.856225,5.8375,5.8375,5.8125,5.827100000000001,5.9281500000000005,6.0375499999999995,5.6249666666666664,5.943733333333333,5.858333333333334,5.906233333333333,5.860399999999999,5.69065,6.25,6.429725,6.6875,6.4563,6.5687999999999995,6.570833333333333,6.429166666666666,6.531233333333333,6.345833333333334,6.554166666666667,6.4062,6.6354
28,2021-12-05,13:00:00,6.30625,5.9938,6.15935,6.4624999999999995,6.201575,6.3438,6.310399999999999,6.310433333333333,5.8688,6.385433333333334,6.39375,6.422933333333333,6.2604,6.279133333333333,6.0203,5.6219,5.5781,5.675033333333334,5.627066666666667,5.424966666666667,5.39375,5.5062999999999995,0.65315,0.6604333333333333,5.6750333333333325,5.845866666666666,5.8563,5.59995,5.762533333333333,5.483333333333333,5.535433333333334,5.625,5.970833333333334,5.8625,5.83755,5.3062,5.2,5.6020666666666665,5.5249999999999995,5.531233333333333,5.487533333333334,5.682824999999999,5.8203,5.645866666666667,0.9218999999999999,5.235399999999999,5.7719000000000005,5.837533333333333,5.918749999999999,5.93125,5.89685,5.6406,5.55005,5.2812,6.0156,6.0625,5.907825000000001,5.4,5.83125,5.881266666666666,5.802066666666666,5.84685,5.356249999999999,5.7,6.0874999999999995,5.6375,5.7520999999999995,5.89065,6.1,5.65,5.768775,6.014599999999999,5.83905,5.5625,5.785433333333333,5.953099999999999,5.58905,5.808333333333334,5.7719000000000005,5.3656,5.829675,5.65625,6.047933333333333,5.35,5.7219,5.68125,5.508333333333333,5.4094,5.475,5.4395999999999995,5.2578,6.0229,5.731266666666667,5.781233333333333,5.804133333333333,5.631266666666666,5.952099999999999,5.8396,5.6063,5.40935,5.806266666666667,5.808333333333334,5.759399999999999,5.4875,5.77815,5.65,5.72185,5.870833333333333,5.57815,5.4771,5.5125,5.4646,5.5604000000000005,5.55625,5.73755,5.7594,5.6297,5.854166666666667,5.5833,5.50625,5.684374999999999,0.0,5.47185,5.8770999999999995,5.8812,5.995324999999999,5.9062,5.99375,5.9813,5.945866666666667,5.85935,5.84685,5.821875,5.6521,5.8021,5.790649999999999,5.72815,5.60625,5.845833333333334,5.818766666666666,5.88125,5.6156500000000005,5.981275,5.8124666666666664,5.758333333333333,5.924966666666667,5.603149999999999,5.506266666666666,5.779166666666666,5.83595,5.89685,5.7875499999999995,5.71095,5.918749999999999,5.7125,5.8437,5.635433333333334,5.8500499999999995,5.824999999999999,5.8063,5.4646,5.79685,5.570866666666667,5.960366666666666,5.6020666666666665,5.297933333333334,5.60935,5.5625,5.883333333333333,5.806266666666667,5.558333333333334,5.704166666666667,5.75315,5.74375,5.7094000000000005,5.6917,5.706275,5.825033333333333,5.478149999999999,5.793749999999999,5.716666666666666,5.78435,5.743766666666666,5.5896,6.13125,6.2625,6.645833333333333,6.3359499999999995,6.439566666666667,6.425,6.2625,6.4219,6.202066666666667,6.366633333333333,6.318733333333333,6.5020999999999995
29,2021-12-05,13:15:00,6.145325,5.7875000000000005,5.981249999999999,6.233333333333333,6.008366666666667,6.1667,6.079166666666667,6.19065,5.8375,6.20935,6.0906,6.14065,6.0594,6.0437666666666665,5.85,5.4281500000000005,5.34065,5.3500499999999995,5.368766666666666,5.21565,5.135433333333333,5.2667,0.6541666666666667,0.7062999999999999,5.478149999999999,5.6,5.604674999999999,5.3781,5.58125,5.291666666666667,0.0,5.456266666666667,5.728149999999999,5.61875,5.60935,5.064566666666667,5.0906,5.4281,5.356249999999999,5.33435,5.266666666666667,5.4594000000000005,5.634399999999999,5.43125,0.7469,5.75,5.57815,5.5625,5.7312666666666665,5.73435,5.7270666666666665,5.5563,5.31875,5.1109,5.8125,5.759399999999999,5.6895999999999995,5.21095,5.635925,5.639600000000001,5.5938,5.6479333333333335,5.110433333333334,5.4219,5.854166666666667,5.41565,5.5375,5.6672,5.933333333333334,5.4354000000000005,5.4906,5.797933333333333,5.575,5.45,5.612466666666667,5.7125,5.349966666666667,5.5344,5.47185,5.1594,5.552066666666666,5.506233333333334,5.802066666666666,5.1594,5.478149999999999,5.4062,5.325,5.262499999999999,5.37345,5.18125,5.0375000000000005,5.7771,5.517200000000001,5.54995,5.539633333333334,5.35625,5.7375,5.6625,5.439566666666667,5.28125,5.547933333333333,5.5625,5.6875,5.241700000000001,5.508333333333333,5.425025,5.5438,5.6937,5.433333333333333,5.270833333333333,5.262466666666667,5.2406500000000005,5.3469,5.331275,5.556266666666666,5.568766666666666,5.387533333333333,5.583366666666667,5.3047,5.316666666666666,5.49685,5.540625,5.27505,5.675033333333334,5.7104333333333335,5.75625,5.631266666666666,5.795866666666666,5.675,5.8469,5.75,5.6125,5.5896,5.425,5.591633333333334,5.597933333333333,5.540649999999999,5.396849999999999,5.64375,5.6094,5.6417,0.0,5.7229,5.6146,5.6,5.676550000000001,5.346875,5.2469,5.59375,0.0,5.61875,5.540649999999999,5.52815,5.629675000000001,5.441666666666666,5.73745,5.4625,5.721874999999999,5.6937,5.5531500000000005,5.28125,5.5547,5.391666666666667,5.7875,5.30935,4.978149999999999,5.509399999999999,5.320833333333334,5.568766666666666,5.6021,0.0,5.520833333333333,5.58435,5.392200000000001,5.4875,5.446899999999999,5.5104,5.610399999999999,5.2344,5.55625,5.5438,5.578125,5.491666666666667,5.375,5.8688,6.0375,6.3229,6.1312,6.2250499999999995,6.172933333333333,6.12815,6.233333333333333,5.9167,6.1125,6.077100000000001,6.3281
30,2021-12-05,13:30:00,5.908366666666667,5.53125,5.725,6.0422,5.8688,5.995866666666667,5.770833333333333,5.9155999999999995,5.5375,6.04685,5.99375,5.9708,5.8292,5.9313,5.6479,5.2719000000000005,5.047933333333333,5.1438,5.040649999999999,4.915649999999999,4.9313,5.0000333333333336,0.6708333333333334,2.8671499999999996,5.308333333333334,5.406266666666667,5.2969,5.21565,5.4406,5.0062,5.1594,5.23435,5.53125,5.4062,5.45,4.877133333333333,4.779166666666667,5.168775,5.13285,5.025,4.9688,5.240625,5.3750333333333336,5.172933333333333,0.710975,5.4125,5.281233333333334,5.366666666666667,5.449999999999999,5.487475,5.4875,5.2625,5.12185,4.925,5.612466666666667,5.5531500000000005,5.525,4.981249999999999,5.4437,5.432849999999999,5.3562666666666665,5.39065,4.946899999999999,5.2469,5.618766666666666,5.25,5.410433333333334,5.435433333333333,5.62655,5.2042,5.306266666666667,5.557849999999999,5.4771,5.13905,5.360433333333333,5.54995,5.0844000000000005,5.36875,5.28745,4.9875,5.3375,5.2188,5.5344,4.943733333333333,5.2688,5.266666666666667,5.15005,4.966666666666667,5.129166666666666,5.0719,4.9375,5.55,5.2875000000000005,5.3719,5.3812,5.195833333333334,5.514566666666667,5.4375,5.2250000000000005,5.076575,5.310433333333333,5.4155999999999995,5.408333333333334,5.1375,5.345833333333334,5.20935,5.375,5.497933333333333,5.0875,5.015625,5.074999999999999,5.0625,5.1343499999999995,5.1156,5.3125,5.343766666666667,5.165649999999999,5.4562,5.09375,5.056266666666667,5.248424999999999,5.35,5.072933333333334,5.49685,5.43125,5.48435,5.370833333333334,5.540625,5.462524999999999,5.471900000000001,5.5,5.389600000000001,5.3719,5.2396,5.3625,5.429166666666667,5.32655,5.1542,5.401574999999999,5.343733333333333,5.408333333333334,5.210925,5.52185,5.375,5.375025000000001,5.368733333333334,5.0604000000000005,5.052066666666667,5.295866666666666,5.3547,5.420866666666666,5.4,5.260433333333333,5.4375,5.2021,5.5062,5.1875,5.364566666666666,5.5062,5.32815,5.0312,5.3688,5.166666666666667,5.541666666666667,5.133333333333334,4.808333333333334,5.1844,5.0344,5.345833333333334,5.40625,5.197933333333333,5.291666666666667,5.2938,5.24375,5.245833333333333,5.2146,5.259399999999999,5.4656,4.9771,5.28905,5.2771,5.310433333333333,5.316666666666666,5.0896,5.758333333333333,5.8594,5.8625,5.8656,6.045325,5.98745,5.818733333333333,5.9021,5.71875,5.985400000000001,5.790649999999999,6.029166666666666
31,2021-12-05,13:45:00,5.618733333333334,5.3417,5.406266666666667,5.7375,5.6542,5.689633333333333,5.5875,5.6563,5.3438,5.8145999999999995,5.7188,5.6062666666666665,5.64375,5.65935,5.422933333333333,4.8656,4.7375,4.7812,4.808333333333334,4.6021,4.664075,4.662533333333333,0.69065,4.7687,4.9979000000000005,5.1,5.079166666666667,4.8792,5.09685,4.8281,4.858366666666666,4.9468749999999995,5.2781,5.1646,5.175,4.6354,4.529166666666666,4.916666666666667,4.86875,4.90315,4.766666666666667,4.9906,5.064566666666667,4.927066666666667,0.6375,5.19375,5.012499999999999,5.225,5.183333333333334,5.21565,5.207825,4.964566666666666,4.887525,4.715625,5.2734499999999995,5.3042,5.281266666666666,4.8042,5.1391,5.0645999999999995,5.1625,5.1640749999999995,4.8,5.0,5.372933333333333,4.970833333333333,5.0854333333333335,5.079166666666667,5.34375,4.883333333333333,5.058333333333334,5.25,5.1,4.76875,5.06875,5.29685,4.9,5.106249999999999,5.05625,4.6875,5.068733333333333,5.0188,5.3125333333333336,4.5938,4.9906500000000005,5.0313,4.8770999999999995,4.754166666666666,4.86875,4.808333333333334,4.624999999999999,5.297933333333333,5.0219000000000005,5.075,5.14685,4.9031,5.2188,5.26875,4.9344,4.85625,5.1042,5.11875,5.166666666666667,4.8812,5.12815,4.968766666666666,5.1188,5.241700000000001,4.935433333333333,4.73745,4.8271,4.8906,4.9021,4.86875,5.100033333333333,5.1030999999999995,5.009399999999999,5.1479333333333335,4.858333333333333,4.8656500000000005,4.978149999999999,4.981233333333333,4.7969,5.1354,5.0188,5.3094,5.0594,0.0,5.1,5.1542,5.25,5.110433333333333,5.103149999999999,4.9625,5.0625333333333336,5.133366666666666,5.0229333333333335,4.868766666666667,5.05,5.0375,5.1479333333333335,4.947933333333333,5.290649999999999,5.2438,5.1875,5.1969,4.9375,4.818766666666666,5.0813,5.11875,5.08755,5.139600000000001,4.995866666666666,5.100033333333333,4.975,5.15625,5.0188,5.1249666666666664,5.245833333333334,5.018766666666666,4.8292,5.1499999999999995,4.802066666666667,5.25,4.8781,4.595866666666666,5.0188,4.7875000000000005,5.050033333333333,0.0,4.9125,4.9906,5.035433333333334,4.968733333333334,4.992225,4.9646,4.995833333333334,5.14845,4.8,4.968766666666666,5.0375,5.0854333333333335,5.0062,4.877133333333333,5.34685,5.606266666666667,5.837533333333333,5.591666666666666,5.7312666666666665,5.71875,5.75,5.5469,5.558366666666667,5.6562,5.608366666666666,5.75
32,2021-12-05,14:00:00,5.341666666666666,5.035433333333334,5.1,5.4896,5.28125,5.445800000000001,5.2625,5.46565,5.0906,5.552099999999999,5.478149999999999,5.391666666666667,5.356249999999999,5.3422,5.045866666666666,4.531266666666666,4.4187666666666665,4.443725,4.48745,4.325,4.2938,4.4531,0.6958666666666667,4.554166666666666,4.668749999999999,4.762466666666667,4.8562666666666665,4.7188,4.795833333333333,4.5479,4.535433333333333,4.581266666666667,4.9125,4.94375,4.8609,4.36875,4.302066666666667,4.58125,4.56565,4.556266666666667,4.46255,4.628125000000001,4.8,4.5979,4.90005,4.904166666666666,4.8313,4.858366666666667,4.8896,4.94065,4.866666666666667,4.7375,4.571899999999999,4.3583,5.0,4.94375,4.915649999999999,4.482825,4.887533333333333,4.8354,4.887466666666667,4.8281,4.418733333333333,4.743766666666667,5.1125,4.68125,4.856249999999999,4.8406,5.040649999999999,4.634399999999999,4.7729333333333335,4.9625,4.93125,4.5563,0.0,4.8719,4.617175,4.759399999999999,4.7469,4.4344,4.8438,4.7608999999999995,4.9344,4.44845,4.6906,4.806266666666666,4.5687,4.4656,4.631233333333333,4.5781,4.34845,4.993799999999999,4.7896,4.770833333333333,4.7922,4.65625,4.981233333333333,5.0,4.681266666666667,4.528125,4.8125,4.8770999999999995,4.860433333333333,4.525,4.7469,4.71565,4.8063,4.9062,4.6688,4.495833333333334,4.556266666666667,4.5,4.5625,4.5625,4.7938,4.75,4.683333333333334,4.818733333333333,4.5844000000000005,4.545866666666667,4.7270666666666665,4.696899999999999,4.51875,4.854166666666667,4.883333333333333,4.9062,4.820833333333333,5.004166666666666,4.923425,4.887499999999999,4.90935,4.8145999999999995,4.80935,4.6437,4.9375,4.8781,4.7749999999999995,4.6,4.8031500000000005,4.793733333333333,4.808333333333333,4.625,4.9479,4.84375,4.793725,4.862500000000001,4.54845,4.525,4.7562999999999995,4.82035,4.85935,4.86095,4.668733333333333,4.83125,4.6937999999999995,4.91245,4.6969,4.86875,4.9219,4.7604,4.5156,4.818733333333333,4.449999999999999,4.8625,4.6344,4.3375,4.695833333333334,4.529166666666667,4.790649999999999,4.7729333333333335,4.5437666666666665,4.73125,4.75315,4.685466666666667,4.5938,4.6395333333333335,4.745866666666667,4.841633333333333,4.495833333333334,4.699999999999999,4.7375,4.8406,4.79375,4.675,5.2406500000000005,5.35935,5.6312,5.3145999999999995,5.35935,5.416666666666667,5.316666666666666,5.2812,5.0938,5.4125499999999995,5.35935,5.4624999999999995
33,2021-12-05,14:15:00,5.072933333333333,4.735399999999999,4.945866666666666,5.1875,4.8125,5.1438,5.0813,5.110925,4.787533333333333,5.1375,5.241633333333334,5.2125,5.168733333333333,5.0375499999999995,4.768766666666667,4.1781500000000005,4.0896,4.018766666666667,4.091666666666667,3.981275,3.9625000000000004,4.0875,0.8562666666666668,4.143766666666667,4.4531,4.4188,4.49375,4.325,4.5062,4.137499999999999,4.25625,4.306266666666667,4.6875,4.620833333333334,4.5375,4.095866666666667,4.0563,4.408366666666666,4.283366666666666,4.290649999999999,4.24375,4.25,4.4688,4.293733333333333,4.156266666666666,4.634399999999999,4.4770666666666665,4.50315,4.61875,4.5249999999999995,4.6375,4.5208,4.308333333333334,4.1094,4.707825,4.614566666666667,4.5625,4.168749999999999,4.574999999999999,4.4688,4.491666666666666,4.5271,4.1,4.445833333333333,4.845833333333333,4.3125,4.45625,4.4646,4.777066666666667,4.301575,4.4542,4.69375,4.5687999999999995,4.29375,4.428100000000001,4.525,4.290649999999999,4.441633333333333,4.45,4.1469000000000005,4.475,4.372933333333333,4.7104,4.15315,4.384399999999999,4.360399999999999,4.3,4.2063,4.309374999999999,4.1922,4.05935,4.78745,4.514600000000001,4.5469,4.4969,4.2719000000000005,4.7812,4.68125,4.337533333333333,4.175,4.518725,4.44065,4.575,4.322933333333332,4.3843749999999995,4.368766666666667,4.5291999999999994,4.6125,4.3031500000000005,4.218766666666666,4.2141,4.175,4.302133333333333,4.2604,4.43905,4.458333333333333,4.377066666666667,4.467175,4.2375,4.2375,4.4145666666666665,4.431266666666667,4.175,4.487466666666667,4.5844000000000005,4.670833333333333,4.489075,4.685433333333333,4.66875,4.6531,4.64375,4.5,4.545833333333333,4.3562666666666665,4.5328,4.443766666666666,4.408333333333333,4.2979,4.518766666666667,4.39375,4.4375,4.4271,4.6625,4.556274999999999,4.458366666666667,4.525,4.195833333333333,4.2,4.4542,4.4906,4.58125,4.4375,4.3770999999999995,4.5875,4.36875,4.5396,4.316666666666666,4.53595,4.608366666666666,4.420866666666666,4.278125,4.514599999999999,4.22495,4.614566666666667,4.3047,0.0,4.42185,4.2375,4.572933333333334,4.5229,4.2854,4.377066666666667,4.458333333333333,4.356249999999999,4.3812999999999995,4.3542,4.55,4.458333333333333,4.2,4.4562333333333335,4.432825,4.4708,4.502066666666667,4.325,4.8688,4.987533333333333,5.260949999999999,5.0187333333333335,5.181266666666667,5.0594,5.0104,5.08755,4.8172,4.9594000000000005,5.12815,5.13125
34,2021-12-05,14:30:00,4.7531,4.4313,4.64375,4.8979333333333335,4.59685,4.83595,4.758366666666666,4.741666666666666,4.4604333333333335,5.0,4.853149999999999,4.8094,4.7104333333333335,4.739075,4.384399999999999,3.78755,3.63755,3.6563,3.7375000000000003,3.5500000000000003,3.5469,3.68595,0.95005,3.8333666666666666,4.11095,4.134399999999999,4.1583,4.1125,4.134375,3.875033333333333,3.90315,3.9375,4.3125,4.2375,4.222933333333334,3.7406,3.7646,4.052066666666667,3.921875,3.9281500000000005,3.9187666666666665,4.0672,4.03125,4.00315,4.20625,4.318766666666666,4.1000499999999995,4.25,4.318766666666666,4.3438,4.25625,4.1125,3.8969,3.8328249999999997,4.297933333333334,4.225,4.275,3.9416999999999995,4.2938,4.2296499999999995,4.1875,4.1406,3.8208333333333333,4.08435,4.435433333333333,4.06565,4.1,4.15315,4.408366666666667,3.9438,4.21565,4.229725,4.0312,0.0,4.09375,4.191666666666667,3.9687666666666668,4.1343499999999995,4.0875,3.8708666666666667,4.0874999999999995,4.035433333333333,4.2719000000000005,3.8437,4.0,4.0396,4.0875,3.862475,3.8875,3.8094,3.779166666666667,4.37345,4.149966666666667,4.1375,4.1578,4.0563,4.297933333333333,4.32815,4.018800000000001,3.945866666666667,4.23435,4.1125,4.2812,3.9797000000000002,4.039633333333334,3.99065,4.1937,4.3375,4.012533333333334,3.8563,3.8375,3.910433333333333,3.981233333333334,3.86565,4.0625,4.0875,4.0047,4.1594,3.9125250000000005,3.8521,4.0667,3.993733333333333,3.9313000000000002,4.179166666666666,4.229699999999999,4.366666666666666,3.9625,4.318725000000001,4.3375,4.2687333333333335,4.29375,4.1875,4.075,4.0813,4.1375,4.09375,4.09065,3.90625,4.1000000000000005,4.225,4.2688,4.04065,4.4063,4.1813,4.14685,4.2250000000000005,3.7843999999999998,3.881266666666667,4.1125,4.077100000000001,4.25,4.324999999999999,3.9895999999999994,4.1844,4.053125,4.2719000000000005,4.0844000000000005,4.106233333333333,4.22035,4.066666666666666,3.9406499999999998,4.100033333333333,3.875025,4.293733333333333,3.95935,3.74065,4.033333333333334,3.8938,4.1895999999999995,4.2063,3.85625,4.1000499999999995,4.0625,4.031266666666666,4.075,4.05625,4.231249999999999,4.196899999999999,3.825,4.104699999999999,3.95,4.25,4.01565,4.0375000000000005,4.5703249999999995,4.665649999999999,4.9,4.591666666666667,4.739566666666667,4.8094,4.5604000000000005,4.577100000000001,4.372933333333333,4.7656,4.70315,4.858366666666666
35,2021-12-05,14:45:00,4.331266666666667,4.1021,4.327066666666666,4.445799999999999,4.27505,4.4688,4.297933333333333,4.46875,4.102099999999999,4.5604000000000005,4.379166666666667,4.51565,4.29065,4.29375,4.0375,3.320866666666667,3.34065,2.40005,2.4187333333333334,3.13125,2.6625,1.6625000000000003,0.953125,3.4854333333333334,3.7313,3.6750000000000003,3.88125,3.7271,3.7531499999999998,3.60625,3.5604,3.5792,3.97815,3.7719,3.852133333333333,3.4562999999999997,3.4521,3.589633333333333,3.55315,3.4958666666666667,3.602133333333333,3.7,3.6219,3.639075,3.9479333333333333,3.866666666666667,3.7125,3.8667,3.825,3.968733333333333,3.9031000000000002,3.773475,3.5844,3.4594,3.9292,3.9833666666666665,3.920325,3.4583666666666666,3.77815,3.8042000000000002,3.90625,3.7938,3.466666666666667,3.67815,4.060433333333333,3.71565,3.782825,3.8333666666666666,4.0125,3.6844,3.75,3.91875,3.8719,3.647933333333333,3.7453,3.9156,3.5625,3.7625333333333337,3.69375,3.465625,3.7479666666666667,3.658333333333333,4.1562,3.445866666666667,3.76255,3.6479666666666666,3.5917,3.48125,3.65315,3.5031499999999998,3.395325,3.9166333333333334,3.8166333333333333,3.7218999999999998,3.7354333333333334,3.70005,4.0,3.9291666666666667,3.5938,3.6042,3.8625,3.8422,3.868766666666667,3.6688,3.6750499999999997,3.654166666666667,3.7750000000000004,4.0188,3.63125,3.4917000000000002,3.60625,3.57505,3.7188,3.431266666666667,3.6812750000000003,3.8104,3.5875,3.79065,3.6125499999999997,3.545833333333333,3.75,3.725,3.6042,3.7271,3.8781499999999998,3.9500000000000006,3.783333333333333,3.88125,3.8547000000000002,3.79685,3.8541666666666665,3.6688,3.7438000000000002,3.70005,3.81875,3.65,3.6375,3.6593999999999998,3.75625,3.7854333333333336,3.852066666666667,3.591666666666667,3.9844,3.8166666666666664,3.6687666666666665,3.868766666666667,3.483333333333333,3.4969,3.85625,3.74375,3.8021,3.76565,3.5625,3.83435,3.6000333333333336,3.8145666666666664,3.66875,3.7188,3.875,3.725,3.5604,3.625,3.533366666666667,3.8187999999999995,3.6562666666666668,3.357825,3.6750000000000003,3.45935,3.8521,3.712533333333333,3.6469,3.6958333333333333,3.7687333333333335,3.7531499999999998,3.7229000000000005,3.6291666666666664,3.7281250000000004,3.8234749999999997,3.426575,3.681266666666667,3.7531499999999998,3.8312500000000003,3.7875,3.45935,4.228149999999999,4.353125,4.475033333333333,4.222933333333333,4.3875,4.479166666666667,4.199999999999999,4.2479000000000005,4.0500333333333325,4.36875,4.406233333333334,4.508333333333333
36,2021-12-05,15:00:00,3.883366666666666,3.6208333333333336,2.5671999999999997,0.0,1.0625,1.6083666666666667,3.1437999999999997,2.8250333333333333,2.4391,3.847933333333333,4.09065,4.037525,3.9093750000000003,3.9625,3.66255,2.8729333333333336,2.8708666666666667,2.043766666666667,0.5104666666666667,0.3625,0.37657500000000005,0.4229,1.6021,3.1062666666666665,3.3771,3.3187666666666664,3.35625,3.2250250000000005,3.3208333333333333,3.1891,3.1458666666666666,3.1916666666666664,3.5125,3.4344,3.24065,2.89685,2.9125,3.1625,3.1896,3.0812333333333335,3.1219,3.198475,3.38125,3.2083333333333335,3.5333333333333337,3.4667,3.4313,3.283366666666667,3.39375,3.4578500000000005,3.4396,3.2792,3.225,3.0604333333333336,3.4667,3.591666666666667,3.429166666666667,3.1593999999999998,3.4125333333333336,3.3791666666666664,3.422933333333333,3.5167,3.04375,3.2625,3.618766666666667,3.2687666666666666,3.3875,3.4500000000000006,3.6188,3.2479333333333336,3.3000499999999997,3.5083333333333333,3.4250000000000003,3.250033333333333,3.2541666666666664,3.4703,3.264566666666667,3.3208333333333333,3.325,3.09065,3.35,3.2333666666666665,3.5375333333333336,3.0979666666666668,3.2703,3.28755,3.19375,3.092175,3.20155,3.1291666666666664,2.9562999999999997,3.485466666666667,3.4146,3.31875,3.3667000000000002,3.3854333333333333,3.562525,3.425025,3.27815,3.1719,3.381275,3.3312666666666666,3.4167,3.31875,3.30315,3.17815,3.40315,3.4562749999999998,3.1895666666666664,3.1437666666666666,3.1031500000000003,3.1000333333333336,3.145325,3.0,3.23435,3.2625,3.16875,3.2229333333333336,3.210433333333333,3.1125000000000003,3.3208333333333333,3.2344,3.0922,3.3719,3.2812,3.5437999999999996,3.3771,3.4891,3.2625,3.295833333333333,3.3813,3.2896,3.2479333333333336,3.262525,3.3922,3.4292000000000002,3.2208666666666663,3.1750000000000003,3.408333333333333,3.3156499999999998,3.26255,3.21565,3.41875,3.318766666666667,3.3063,3.2938,3.07505,3.0666999999999995,3.2896,3.3359750000000004,3.4219,3.40315,3.1906499999999998,3.3458666666666663,3.2469,3.48125,3.175,3.4229333333333334,3.45,3.3188,3.1167000000000002,3.28125,3.0542,3.45,3.10935,2.9271333333333334,3.30315,3.1083666666666665,3.4499999999999997,3.312533333333333,3.0437666666666665,3.26255,3.2521,3.360433333333333,3.295833333333333,3.1854333333333336,3.2687666666666666,3.3146,3.0343999999999998,3.2646,3.3281250000000004,3.4531,3.3146,3.170833333333333,3.6437999999999997,3.8083666666666667,3.9844,3.86565,3.9750333333333336,3.8344,3.69375,3.75,3.5937666666666668,3.8531500000000003,3.8906,3.9271
37,2021-12-05,15:15:00,0.9229333333333333,0.3562666666666667,0.37083333333333335,0.7021000000000001,0.418725,0.645325,0.4396,0.48336666666666667,0.2875,1.0271000000000001,2.8041666666666667,0.6125,2.8375,2.545325,2.5771,2.124966666666667,2.4187666666666665,0.47293333333333337,0.45416666666666666,0.3042,0.35,0.38126666666666664,2.6781,2.70935,2.9292,2.88125,2.9969,2.7469,2.962533333333333,2.7312666666666665,2.77185,2.7646,3.0021,2.993766666666667,2.9458333333333333,2.5896000000000003,2.5542000000000002,2.77815,2.8083666666666667,2.6916666666666664,2.66875,2.85,2.8562666666666665,2.825,3.0833666666666666,3.045833333333333,2.96095,2.8875,3.05315,2.95005,3.006266666666667,3.00625,2.8594,2.6,3.1458333333333335,3.15,2.9375,2.7812,3.029166666666667,3.0125333333333337,3.0375,3.0354666666666668,2.709375,2.9667,3.147933333333333,2.8687333333333336,3.022933333333333,2.950025,3.212533333333333,2.7896,2.9104000000000005,3.1062666666666665,2.9396,2.8521,2.9125,3.1063,2.8359499999999995,2.81875,2.8771,2.70785,2.985433333333333,2.797933333333333,3.1167000000000002,2.6187666666666667,2.8625499999999997,2.9500333333333337,2.8667,2.6104333333333334,2.81875,2.752133333333333,2.689633333333333,3.070866666666667,2.9343999999999997,2.91875,2.8844,2.9562666666666666,3.1625,2.9645999999999995,2.875,2.7000333333333333,3.03125,3.0625,3.1125499999999997,2.83435,2.85,2.70625,3.0062750000000005,2.9718999999999998,2.8500333333333336,2.7,2.71565,2.62345,2.70315,2.73435,2.9292000000000002,2.9416666666666664,2.8771,2.8969,2.8145666666666664,2.51255,2.8875,2.8328249999999997,2.7031,2.959375,3.1562,3.0812666666666666,2.8875333333333337,2.952066666666667,3.0656499999999998,2.9594,2.929166666666667,2.9021000000000003,2.90625,2.7563,2.99065,2.9422249999999996,2.8344,2.69375,2.921875,2.9104333333333336,2.95,2.8125,3.02815,2.8719,2.8844000000000003,2.8562666666666665,2.7250333333333336,2.6750333333333334,2.825,2.9187333333333334,2.99375,2.9766,2.860466666666667,2.95,2.820866666666667,2.9333333333333336,2.7812666666666668,2.9297,3.0354333333333336,2.889075,2.6750000000000003,2.8166666666666664,2.7031,2.9875000000000003,2.7167,2.5562666666666667,2.9187666666666665,2.783366666666667,2.9896,2.9500333333333333,2.7000333333333337,2.87345,2.9020999999999995,2.8766,2.88125,2.8344,2.8417,2.94375,2.727066666666667,2.85935,2.8625000000000003,3.085433333333333,2.975,2.71565,3.275033333333333,3.475,3.6,3.4437500000000005,3.49065,3.4396,3.4343500000000002,3.32815,3.0938,3.304166666666667,3.3417,3.522933333333333
38,2021-12-05,15:30:00,0.43543333333333334,0.2396,0.30416666666666664,0.55,0.3469,0.55,0.36719999999999997,0.43435,0.19583333333333333,0.5687666666666668,0.5063,0.5,0.5750000000000001,1.1875499999999999,0.9719,1.275,0.9458666666666667,0.47814999999999996,0.42083333333333334,0.29375,0.31875,0.3625,2.1854333333333336,2.2542,2.48435,2.6437999999999997,2.625,2.41255,2.575,2.25625,2.37345,2.3875333333333333,2.6083666666666665,2.5688,2.4562666666666666,2.1583666666666668,2.3375,2.4313000000000002,2.402133333333333,2.40315,2.279166666666667,2.4541999999999997,2.4594,2.4458333333333333,2.6833666666666667,2.6719,2.5500499999999997,2.63125,2.60005,2.7156000000000002,2.600033333333333,2.5791666666666666,2.45005,2.2646,2.70625,2.7479666666666667,2.4625,2.40315,2.5771,2.57505,2.7000333333333333,2.6,2.2416666666666667,2.5844,2.7313,2.5469,2.66875,2.55,2.6375,2.3104333333333336,2.5083333333333333,2.54375,2.4792,2.325,2.50625,2.6916999999999995,2.3479,2.441666666666667,2.375,2.325,2.5750333333333333,2.4188,2.652066666666667,2.31875,2.407825,2.4291666666666667,2.4646333333333335,2.2416666666666667,2.442225,2.41875,2.1479333333333335,2.5968999999999998,2.4,2.53285,2.52815,2.4458333333333333,2.7375,2.7,2.4656000000000002,2.2833333333333337,2.5844,2.568775,2.7167,2.5219,2.5229333333333335,2.35005,2.5844,2.42815,2.3687333333333336,2.279166666666667,2.345833333333333,2.1844,2.3271,2.4375,2.4531,2.4969,2.408333333333333,2.4469,2.437533333333333,2.1875,2.434375,2.4313,2.36565,2.4188,2.5104666666666664,2.662533333333333,2.5500000000000003,2.6218500000000002,2.58285,2.48125,2.5906000000000002,2.5312,2.570866666666667,2.51565,2.5875,2.4375,2.4292,2.3250333333333333,2.4687666666666668,2.45,2.5844,2.4979,2.5437999999999996,2.55315,2.46565,2.52815,2.3625000000000003,2.2208666666666663,2.4625333333333335,2.3719,2.481266666666667,2.58125,2.4042,2.64375,2.3094,2.6125499999999997,2.4344,2.4916666666666667,2.5146,2.52505,2.3594,2.575,2.30315,2.5917,2.335433333333333,2.1416999999999997,2.54375,2.4344,2.5094000000000003,2.58755,2.32505,2.5031499999999998,2.5021333333333335,2.441666666666667,2.495833333333333,2.4396,2.412533333333333,2.4093999999999998,2.2031,2.562533333333333,2.3979,2.5672249999999996,2.508366666666667,2.4594,2.8104333333333336,2.9875333333333334,3.112525,2.9250000000000003,3.07035,3.06875,2.96565,2.85,2.6812333333333336,2.8437333333333332,2.7719,3.09375
39,2021-12-05,15:45:00,0.44999999999999996,0.2531,0.34065,0.55,0.3844,0.525,0.3781,0.446875,0.21876666666666666,0.5771333333333334,0.5265500000000001,0.5063000000000001,0.7729333333333335,1.0906500000000001,0.9500500000000001,1.1687500000000002,0.46249999999999997,0.4458333333333333,0.43333333333333335,0.3,0.31876666666666664,0.35833333333333334,1.80315,1.8958666666666666,2.0708333333333333,1.9937666666666667,2.1875,1.9422,1.9656500000000001,1.8521333333333334,1.8979333333333333,1.84065,2.2938,2.0375,1.9583666666666666,1.7812,1.9313,1.9104666666666665,1.85625,1.8437333333333334,1.8875333333333335,2.0542000000000002,2.0453,1.8646,2.1396,2.2062666666666666,2.1396,2.1354333333333333,2.35625,2.218775,2.1688,2.125,1.95315,1.975,2.0406500000000003,2.1750000000000003,2.125,1.8750333333333333,2.13125,2.097933333333333,2.134375,2.1921999999999997,0.0,2.01255,2.3312333333333335,2.0083333333333333,2.101575,2.0343750000000003,2.2375000000000003,1.8344,1.9646333333333335,2.1281499999999998,2.02815,2.0083666666666664,2.1146,2.1896,1.9625000000000001,2.1688,2.06875,1.8188,2.11095,1.9656500000000001,2.1750333333333334,1.9583666666666666,1.8969,1.9791999999999998,2.027066666666667,1.8125499999999999,2.01255,1.842225,1.7396,2.125033333333333,2.0625,2.13125,2.066666666666667,1.9146,2.29375,2.0729666666666664,2.0063,1.88125,2.1521000000000003,2.13125,2.1375,2.106266666666667,1.9937500000000001,1.9297,2.1458666666666666,1.9937333333333334,2.08435,1.8687500000000001,1.8750250000000002,1.7542,1.9479333333333333,1.8896,1.9922,2.0562666666666667,1.875,2.0469,1.9333666666666665,1.7969,1.7593999999999999,1.962533333333333,1.8719000000000001,2.23125,2.0968999999999998,2.2812,1.8624999999999998,2.15315,2.0968999999999998,2.0416666666666665,2.06565,2.0187666666666666,1.9062666666666666,2.079166666666667,2.1229,1.9917,1.9937333333333334,1.8396,1.9031500000000001,2.0219,2.097933333333333,1.979725,0.0,2.09065,2.008366666666667,2.1375333333333333,1.9271333333333331,1.9031500000000001,1.8958666666666666,2.1875,1.99065,2.0521,2.008366666666667,2.1354,1.8854333333333333,2.0208666666666666,1.9359250000000001,2.0313,2.1375,2.0021,1.9667000000000001,2.029166666666667,1.81875,2.11565,1.9146,1.6031499999999999,2.0917,1.85625,2.0,2.0333666666666668,1.9354333333333333,2.0083333333333333,1.7563,1.9094,2.0646,1.9281000000000001,2.0146,1.9593500000000001,1.7937500000000002,2.102066666666667,2.11565,2.13755,2.0062666666666664,2.0063,2.325,2.4562999999999997,2.55625,0.0,2.7125,2.56875,2.356275,2.30315,2.2313,2.3646333333333334,2.3666666666666667,2.4833333333333334
40,2021-12-05,16:00:00,0.45626666666666665,0.310925,0.3719,0.5813,0.3896333333333333,0.5328250000000001,0.37916666666666665,0.45940000000000003,0.27706666666666663,0.5594,0.5344,0.5219,0.5125333333333334,0.5250333333333334,0.925,1.1594,0.7625500000000001,0.7229333333333333,0.4687666666666666,0.3729,0.35314999999999996,0.3917,1.4672,1.5167000000000002,1.70625,1.6125333333333334,1.7781500000000001,1.5718999999999999,1.7583666666666666,1.5771,1.46255,1.6541666666666668,1.84375,1.7937666666666667,1.5979666666666665,1.4313,1.5937999999999999,1.5875000000000001,1.51875,1.5000499999999999,1.4938,1.5854333333333335,1.6041999999999998,1.5718999999999999,1.6645666666666667,1.66875,1.7604333333333333,1.7083333333333333,1.6938000000000002,1.79685,1.7771333333333335,1.7219000000000002,1.5354666666666665,1.5875333333333332,1.6438,1.7875,1.8187666666666666,1.7812,1.8094000000000001,1.7593999999999999,1.6875,1.80625,1.5854333333333333,1.6916666666666664,1.7875333333333334,1.5792000000000002,1.7125,1.63125,1.8125333333333333,1.471875,1.6375333333333335,1.7833666666666668,1.6146,1.6250333333333333,1.7344,1.6937999999999998,1.575033333333333,1.69845,1.74065,1.525,1.5729333333333333,1.475,1.70315,1.5297,1.44375,1.6167,1.6875,1.35,1.5188,1.4687999999999999,1.4250333333333334,1.7249999999999999,1.6104333333333332,1.7458666666666665,1.5375,1.6343999999999999,1.80625,1.8458666666666665,1.5729333333333333,1.5499999999999998,1.7594,1.7469000000000001,1.7208666666666668,1.714075,1.6188,1.4969000000000001,1.703125,1.6521000000000001,1.5187333333333333,1.6562,1.4563,1.4375,1.5250333333333332,1.5469,1.6344,1.6062500000000002,1.5406499999999999,1.6917,1.8,1.4969000000000001,1.6146,1.627133333333333,1.6125500000000001,1.7906499999999999,1.7656500000000002,1.8094000000000001,1.58435,1.8166666666666667,1.75315,1.7156500000000001,1.75315,1.575,1.6219000000000001,1.6125,1.6875499999999999,1.6719,1.575,1.57505,1.76875,1.5813,1.5833666666666666,1.54375,1.7937666666666665,1.6594000000000002,1.65005,1.74375,1.5479333333333332,1.5234750000000001,1.558366666666667,1.6313,1.6875,1.75315,1.5500333333333334,1.7438,1.5479666666666667,1.6125333333333334,1.575,1.69065,1.5781,1.6688,1.5437750000000001,1.5312666666666666,1.4375,1.8208666666666666,1.5167,1.3791666666666667,1.6219000000000001,1.5396,1.55315,1.6646,1.4771333333333334,1.60625,1.54685,1.657825,1.625,1.5906500000000001,1.5917000000000001,1.6979333333333333,1.5000333333333333,1.6578249999999999,1.5750000000000002,1.7271,1.875,1.5416999999999998,1.9083666666666668,1.9145666666666667,2.21875,2.15315,2.035433333333333,2.01565,1.9188,1.9438,1.7771,1.8969,1.9125,2.1375
41,2021-12-05,16:15:00,0.32503333333333334,0.2271,0.2531,0.41092500000000004,0.2916666666666667,0.40829999999999994,0.31565,0.3625333333333333,0.16565000000000002,0.45467500000000005,0.41719999999999996,0.59065,0.8416666666666667,0.9312666666666667,0.8719,0.7667,0.7896333333333333,0.69065,0.8,0.27815,0.27499999999999997,0.2938,1.0844,1.1396,1.29065,1.1969,1.326575,1.0771,1.2390750000000001,1.1188,1.0281500000000001,1.175,1.3,1.3437,1.1562,0.9854666666666666,1.20935,1.1895999999999998,1.0500333333333334,1.1958666666666666,1.0792,1.1292,1.1438,1.1438,1.31875,1.2281499999999999,1.2292,1.3250333333333335,1.23435,1.4000333333333332,1.3,1.25625,1.0469,1.2125,1.3625333333333334,1.323425,1.3125333333333333,1.2219,1.14065,1.3646,1.376575,1.38125,1.1208333333333333,1.2417,1.4458666666666666,1.3313,1.3042,1.2041666666666666,1.3391,1.0094,1.0416666666666667,1.3500333333333334,1.13125,1.2271333333333334,1.2833333333333334,1.1938,1.14375,1.2156500000000001,1.3875,1.125,1.0563,1.1437499999999998,1.3666666666666665,1.0729333333333333,1.0938,1.1479,1.2542,0.925,1.1479666666666668,1.1458666666666666,0.8938,1.2833666666666668,1.1719,1.2406249999999999,1.2125333333333332,1.2500333333333333,1.41255,1.2687666666666668,1.1271,1.1531500000000001,1.2062666666666668,1.3646,1.2833666666666665,1.2271333333333334,1.1765750000000001,1.070325,1.0906500000000001,1.1563,1.1896,1.1041666666666667,1.092225,1.0104333333333333,1.1562666666666666,1.1395666666666666,1.2354666666666665,1.2812999999999999,1.046925,1.5,1.25,0.9562666666666666,1.1188,1.071875,1.2313,1.2625,1.2354333333333334,1.3229333333333333,1.3218999999999999,1.3395666666666666,1.23125,1.2312666666666667,1.251575,1.1375,1.2229666666666665,1.1791999999999998,1.1875333333333333,1.2396,1.1968999999999999,1.0021,1.0984749999999999,1.1292,1.2281499999999999,1.1562666666666668,1.3000333333333332,1.25315,1.1146,1.2812,1.1229333333333333,0.9344,1.1041666666666667,1.2000250000000001,1.3188,1.1969,1.1458333333333333,1.3813,1.0438,1.2969,1.1562666666666666,1.25625,1.2083333333333333,1.3167,1.125,1.00625,1.1187666666666667,1.3687500000000001,1.1375000000000002,1.0125,1.198425,1.2156500000000001,1.2219,1.2219,1.14065,1.325,1.1750333333333334,1.1853999999999998,1.1469,1.1437666666666666,1.30625,1.2625,1.1167,1.3188,1.1312666666666666,1.38125,1.285975,1.1833333333333333,1.4687999999999999,1.5125000000000002,1.5969,1.58435,1.4031500000000001,1.675,1.56565,1.4166999999999998,1.2156500000000001,1.35625,1.4708666666666665,1.73125
42,2021-12-05,16:30:00,0.2625,0.1844,0.19379999999999997,0.35624999999999996,0.1688,0.35314999999999996,0.2172,0.2562,0.0917,0.35,0.5021,0.9708333333333333,0.87815,0.85,0.7375333333333334,0.42296666666666666,0.4844,0.41253333333333336,0.4062,0.25939999999999996,0.1875,0.22505,0.76565,0.7375,0.8729333333333334,0.840625,0.8479333333333333,0.74065,0.7542,0.7646000000000001,0.6875333333333332,0.7833333333333333,0.892225,0.9708333333333333,0.7854666666666668,0.6344000000000001,0.7083666666666666,0.81565,0.6396000000000001,0.8020999999999999,0.7688,0.7708666666666667,0.76875,0.7437666666666667,0.8547250000000001,0.9146000000000001,0.8250500000000001,0.8875333333333334,0.8979333333333334,0.9031499999999999,0.9104333333333333,0.9313,0.7375333333333334,0.7875249999999999,0.9719,0.95005,0.8646333333333334,0.7469,0.8250000000000001,0.8,0.7938000000000001,0.9250499999999999,0.8094,0.8604333333333334,1.01565,0.8125249999999999,0.9094,0.81565,0.7875,0.675,0.6708333333333334,0.8583666666666666,0.8292,0.8229333333333333,0.8313,0.8646333333333334,0.7781250000000001,0.83125,1.0030999999999999,0.0,0.8125,0.8094,0.8854333333333333,0.7375,0.7687666666666667,0.7666666666666666,0.8563000000000001,0.63125,0.7938000000000001,0.7541666666666668,0.71565,0.8094,0.8999999999999999,0.8146,0.85625,0.7859250000000001,0.9344000000000001,0.9208333333333334,0.7562666666666665,0.7578250000000001,0.8104333333333332,0.8271000000000001,0.9313,0.8719,0.8813,0.6437666666666667,0.9125,0.675,0.7875333333333333,0.63125,0.6844,0.55,0.7219,0.7250333333333333,0.832825,0.8208666666666667,0.7125,0.75625,0.80625,0.6906,0.8167,0.6375,0.7719,0.7937333333333334,0.87815,0.9469,0.8156,0.86095,0.8292,0.81565,0.7479333333333334,0.7375333333333334,0.71565,0.7271000000000001,0.6812666666666667,0.7520666666666666,0.875,0.7,0.7031000000000001,0.7271000000000001,0.8937333333333334,0.6344000000000001,0.7750333333333334,0.7958666666666666,0.7646000000000001,0.8479333333333333,0.5958666666666667,0.6844,0.5969,0.7083666666666666,0.78285,0.8313,0.6938,0.9375,0.7333666666666666,0.875025,0.6520666666666667,0.8938,0.8813,0.80315,0.7906500000000001,0.7021000000000001,0.6770999999999999,0.90315,0.74375,0.5688,0.8563000000000001,0.8521000000000001,0.9500000000000001,0.9344,0.7999999999999999,0.9270999999999999,0.7291666666666666,0.7646000000000001,0.8250333333333334,0.7688,0.8250500000000001,0.8234750000000001,0.6125,0.8583333333333334,0.875,0.8958333333333334,0.8125333333333334,0.7458666666666667,0.9771000000000001,1.1104333333333334,1.0854333333333333,1.037525,0.96875,1.0250333333333332,1.0146000000000002,0.9416666666666668,0.8,0.84065,0.9375,1.2438
43,2021-12-05,16:45:00,0.2219,0.0917,0.1125,0.28125,0.1531,0.2797,0.15836666666666668,0.2219,0.05625,0.3229,0.6458666666666667,0.7312749999999999,0.65785,0.6583333333333333,0.5333333333333333,0.24064999999999998,0.232825,0.25315,0.2625,0.1292,0.14583333333333334,0.16876666666666665,0.4094,0.42187500000000006,0.4203,0.4375,0.5687500000000001,0.3729333333333333,0.4219,0.43333333333333335,0.35003333333333336,0.4208333333333334,0.47500000000000003,0.5104333333333334,0.4521,0.42815000000000003,0.4041666666666666,0.456275,0.3187666666666667,0.42032500000000006,0.4719,0.45935,0.5031,0.46565,0.54065,0.4844,0.4625,0.4875,0.4719,0.5094000000000001,0.5271,0.5583666666666667,0.4062666666666666,0.39999999999999997,0.5958666666666667,0.535975,0.5969,0.425,0.47503333333333336,0.58125,0.5688,0.6594,0.5344,0.48336666666666667,0.65315,0.4041666666666666,0.5875,0.5479666666666667,0.51875,0.3833333333333333,0.35935,0.5167,0.55,0.5,0.46252499999999996,0.5187666666666667,0.55,0.4969,0.5771000000000001,0.46460000000000007,0.5292,0.36043333333333333,0.6438,0.46094999999999997,0.35005,0.50315,0.4844,0.3719,0.45,0.3719,0.4062333333333334,0.5125,0.4625333333333333,0.5094000000000001,0.5104333333333333,0.44065,0.5458666666666667,0.5812999999999999,0.4291666666666667,0.3781,0.40935,0.5188,0.6083666666666666,0.4125,0.4172,0.30005000000000004,0.5333666666666667,0.44375,0.4,0.45940000000000003,0.3438,0.1562,0.3688,0.3874666666666666,0.5156499999999999,0.4666666666666666,0.2688,0.46719999999999995,0.3719,0.44376666666666664,0.4479666666666666,0.5375,0.4604333333333333,0.4062,0.5015499999999999,0.50935,0.3437666666666666,0.35,0.37083333333333335,0.30785,0.33956666666666663,0.3625333333333333,0.4625,0.44684999999999997,0.38749999999999996,0.38126666666666664,0.420325,0.37293333333333334,0.37293333333333334,0.4344,0.44377500000000003,0.4281,0.36255,0.425,0.4188,0.4291666666666667,0.2938,0.3604333333333334,0.35624999999999996,0.4062,0.3688,0.5187666666666667,0.45315,0.325,0.30625,0.4250333333333333,0.2646,0.4521,0.37815,0.45836666666666664,0.5083333333333333,0.4219,0.3458666666666667,0.5229333333333334,0.4354,0.4062666666666666,0.4766,0.4375,0.5333666666666667,0.55625,0.40315,0.5313,0.3625,0.4375,0.4938,0.49065,0.4666666666666666,0.46565,0.35314999999999996,0.47293333333333337,0.42192499999999994,0.5729333333333333,0.4583333333333333,0.4771000000000001,0.46459999999999996,0.7094,0.675,0.44065,0.6021,0.6844,0.60005,0.6031500000000001,0.5438,0.5416666666666666,0.6094,0.7458333333333332
44,2021-12-05,17:00:00,0.13127499999999998,0.0156,0.05,0.1969,0.07293333333333334,0.16876666666666665,0.0625,0.10210000000000001,0.0,0.20420000000000002,0.1813,0.22815000000000002,0.1,0.1896,0.09583333333333333,0.13336666666666666,0.09375,0.1292,0.08754999999999999,0.0469,0.03956666666666667,0.07083333333333333,0.1979,0.13126666666666667,0.12190000000000001,0.18753333333333333,0.25627500000000003,0.11670000000000001,0.15315,0.18753333333333333,0.1594,0.1688,0.0,0.20626666666666668,0.13543333333333332,0.03125,0.1875,0.19375,0.0844,0.12710000000000002,0.2313,0.2562333333333333,0.2594,0.12505,0.16874999999999998,0.1813,0.15469999999999998,0.15315,0.11666666666666665,0.3625,0.3,0.19065,0.05,0.1396,0.23753333333333335,0.3125,0.25627500000000003,0.226575,0.1,0.29586666666666667,0.3166333333333333,0.2875333333333333,0.18125000000000002,0.1562,0.3666666666666667,0.2562,0.36875,0.22290000000000001,0.26876666666666665,0.0625,0.15003333333333332,0.2031,0.14793333333333333,0.2437666666666667,0.1688,0.20626666666666668,0.18282500000000002,0.16043333333333334,0.2916666666666667,0.15833333333333335,0.2344,0.14065,0.2875,0.225,0.06043333333333333,0.12710000000000002,0.16876666666666665,0.1667,0.13543333333333332,0.1188,0.1896,0.19583333333333333,0.15,0.1771,0.20833333333333334,0.17815,0.2292,0.20623333333333335,0.13546666666666665,0.0938,0.12713333333333335,0.218775,0.2937666666666667,0.29064999999999996,0.1031,0.1094,0.2812,0.0896,0.17967500000000003,0.16879999999999998,0.15626666666666666,0.024999999999999998,0.11565,0.12503333333333333,0.24380000000000002,0.20836666666666667,0.07189999999999999,0.2031,0.1375,0.1469,0.20315,0.11875000000000001,0.1896,0.25,0.22086666666666668,0.27709999999999996,0.14065,0.221875,0.16875,0.09166666666666667,0.10416666666666667,0.1375,0.12916666666666668,0.14532499999999998,0.13755,0.1708333333333333,0.10625000000000001,0.09793333333333333,0.029166666666666664,0.13333333333333333,0.125,0.10833333333333334,0.20005,0.15626666666666666,0.15625,0.15315,0.056299999999999996,0.10623333333333333,0.1,0.22344999999999998,0.2562,0.25,0.1646,0.16876666666666665,0.17500000000000002,0.1688,0.0375,0.2188,0.125,0.22190000000000001,0.10314999999999999,0.12505,0.10314999999999999,0.28435,0.16876666666666665,0.20629999999999998,0.2344,0.26876666666666665,0.26092499999999996,0.25782499999999997,0.176575,0.2333333333333333,0.1469,0.17500000000000002,0.17815,0.1563,0.19375,0.17504999999999998,0.0375,0.24064999999999998,0.16875,0.225,0.2344,0.20000000000000004,0.09166666666666666,0.22916666666666666,0.30315000000000003,0.1813,0.2719,0.293775,0.29375,0.25315,0.225,0.2354333333333333,0.23435,0.3562666666666667
45,2021-12-05,17:15:00,0.0,0.0,0.0,0.0,0.0375,0.0,0.0,0.0375,0.0,0.0,0.06565,0.06043333333333333,0.04685,0.05,0.0,0.0375,0.0,0.0008366666666666667,0.0688,0.0,0.0,0.0375,0.075,0.0,0.025,0.0375,0.125,0.0188,0.01875,0.1063,0.0188,0.0,0.10625000000000001,0.04167777777777778,0.075,0.0,0.0813,0.0344,0.0375,0.025,0.0,0.125,0.0625,0.0028363636363636364,0.0094,0.1125,0.0,0.075,0.0063,0.075,0.125,0.03435,0.0,0.0125,0.10528400000000002,0.0292,0.1375,0.075,0.025,0.1813,0.1375,0.2,0.0188,0.075,0.19065,0.0125,0.17412857142857144,0.0688,0.1063,0.0,0.05,0.11565,0.0438,0.0938,0.11565,0.1562,0.075,0.028853846153846154,0.1688,0.0813,0.07919999999999999,0.003125,0.1375,0.0625,0.0,0.025,0.0,0.00625,0.0,0.0,0.021900000000000003,0.05,0.05,0.009699999999999999,0.1063,0.0375,0.0938,0.056266666666666666,0.0312,0.0375,0.0172,0.0,0.075,0.11531111111111111,0.0,0.0,0.0375,0.0,0.0,0.06565,0.0,0.0,0.0,0.0,0.125,0.1063,0.0,0.125,0.0813,0.025,0.009954545454545454,0.0,0.0,0.06875,0.1375,0.1813,0.075,0.1063,0.09065000000000001,0.0312,0.0375,0.07189999999999999,0.0,0.0125,0.018750000000000003,0.0,0.0375,0.0375,0.0,0.0052,0.0625,0.01376,0.125,0.1,0.0844,0.0,0.0,0.0008545454545454546,0.0,0.1125,0.1375,0.1625,0.0,0.0375,0.0938,0.09065000000000001,0.0,0.0542,0.1063,0.1063,0.0625,0.056249999999999994,0.006266666666666667,0.1688,0.0688,0.07500000000000001,0.1094,0.1875,0.1125,0.0771111111111111,0.0101625,0.125,0.003409090909090909,0.039316666666666666,0.075,0.0625,0.07815,0.054200000000000005,0.0,0.11875,0.07189999999999999,0.09064,0.0312,0.0375,0.0,0.0375,0.1094,0.0,0.0813,0.12190000000000001,0.11565,0.05,0.0047,0.032799999999999996,0.0938,0.0
46,2021-12-05,17:30:00,0.0,0.0,0.0,0.0,0.0,0.0,0.0,0.0,0.0,0.0,0.0,0.0,0.0,0.0,0.0,0.0,0.0,0.0,0.0,0.0,0.0,0.0,0.0,0.0,0.0,0.0,0.0,0.0,0.0,0.0,0.0,0.0,0.0,0.0375,0.0,0.0,0.0,0.0,0.0,0.0,0.0,0.0,0.0,0.0,0.0,0.0,0.0,0.0,0.0,0.0,0.0,0.0,0.0,0.0,0.09934444444444444,0.0,0.0,0.0,0.0,0.0,0.0,0.0,0.0,0.0,0.0,0.0,0.1688,0.0,0.0,0.0,0.0,0.0,0.0,0.0,0.0,0.0,0.0,0.01565,0.0,0.0,0.0,0.0,0.0,0.0,0.0,0.0,0.0,0.0,0.0,0.0,0.0,0.0,0.0,0.0,0.0,0.0,0.0,0.0,0.0,0.0,0.0,0.0,0.0,0.0,0.0,0.0,0.0,0.0,0.0,0.0,0.0,0.0,0.0,0.0,0.0,0.0,0.0,0.0,0.0,0.0,0.004177777777777778,0.0,0.0,0.0,0.0,0.0,0.0,0.0,0.0,0.0,0.0,0.0,0.0,0.0,0.0,0.0,0.0,0.0,0.0,0.0,0.0,0.0,0.0,0.0,0.0,0.0,0.0,0.0,0.0,0.0,0.0,0.0,0.0,0.0,0.0,0.0,0.0,0.0,0.0,0.0,0.0,0.0,0.0,0.0,0.0,0.0,0.0,0.0,0.0,0.07815,0.0,0.0,0.0,0.033740000000000006,0.0,0.0,0.0,0.0,0.0,0.0,0.0,0.07626,0.0,0.0,0.0,0.0,0.0,0.0,0.0,0.0,0.0,0.0,0.0,0.0,0.0,0.0
47,2021-12-05,17:45:00,0.0,0.0,0.0,0.0,0.0,0.0,0.0,0.0,0.0,0.0,0.0,0.0,0.0,0.0,0.0,0.0,0.0,0.0,0.0,0.0,0.0,0.0,0.0,0.0,0.0,0.0,0.0,0.0,0.0,0.0,0.0,0.0,0.0,0.0,0.0,0.0,0.0,0.0,0.0,0.0,0.0,0.0,0.0,0.0,0.0,0.0,0.0,0.0,0.0,0.0,0.0,0.0,0.0,0.0,0.0,0.0,0.0,0.0,0.0,0.0,0.0,0.0,0.0,0.0,0.0,0.0,0.0,0.0,0.0,0.0,0.0,0.0,0.0,0.0,0.0,0.0,0.0,0.0,0.0,0.0,0.0,0.0,0.0,0.0,0.0,0.0,0.0,0.0,0.0,0.0,0.0,0.0,0.0,0.0,0.0,0.0,0.0,0.0,0.0,0.0,0.0,0.0,0.0,0.0,0.0,0.0,0.0,0.0,0.0,0.0,0.0,0.0,0.0,0.0,0.0,0.0,0.0,0.0,0.0,0.0,0.0,0.0,0.0,0.0,0.0,0.0,0.0,0.0,0.0,0.0,0.0,0.0,0.0,0.0,0.0,0.0,0.0,0.0,0.0,0.0,0.0,0.0,0.0,0.0,0.0,0.0,0.0,0.0,0.0,0.0,0.0,0.0,0.0,0.0,0.0,0.0,0.0,0.0,0.0,0.0,0.0,0.0,0.0,0.0,0.0,0.0,0.0,0.0,0.0,0.0,0.0,0.0,0.0,0.0,0.0,0.0,0.0,0.0,0.0,0.0,0.0,0.0,0.0,0.0,0.0,0.0,0.0,0.0,0.0,0.0,0.0,0.0,0.0,0.0,0.0,0.0
48,2021-12-05,18:00:00,0.0,0.0,0.0,0.0,0.0,0.0,0.0,0.0,0.0,0.0,0.0,0.0,0.0,0.0,0.0,0.0,0.0,0.0,0.0,0.0,0.0,0.0,0.0,0.0,0.0,0.0,0.0,0.0,0.0,0.0,0.0,0.0,0.0,0.0,0.0,0.0,0.0,0.0,0.0,0.0,0.0,0.0,0.0,0.0,0.0,0.0,0.0,0.0,0.0,0.0,0.0,0.0,0.0,0.0,0.0,0.0,0.0,0.0,0.0,0.0,0.0,0.0,0.0,0.0,0.0,0.0,0.0,0.0,0.0,0.0,0.0,0.0,0.0,0.0,0.0,0.0,0.0,0.0,0.0,0.0,0.0,0.0,0.0,0.0,0.0,0.0,0.0,0.0,0.0,0.0,0.0,0.0,0.0,0.0,0.0,0.0,0.0,0.0,0.0,0.0,0.0,0.0,0.0,0.0,0.0,0.0,0.0,0.0,0.0,0.0,0.0,0.0,0.0,0.0,0.0,0.0,0.0,0.0,0.0,0.0,0.0,0.0,0.0,0.0,0.0,0.0,0.0,0.0,0.0,0.0,0.0,0.0,0.0,0.0,0.0,0.0,0.0,0.0,0.0,0.0,0.0,0.0,0.0,0.0,0.0,0.0,0.0,0.0,0.0,0.0,0.0,0.0,0.0,0.0,0.0,0.0,0.0,0.0,0.0,0.0,0.0,0.0,0.0,0.0,0.0,0.0,0.0,0.0,0.0,0.0,0.0,0.0,0.0,0.0,0.0,0.0,0.0,0.0,0.0,0.0,0.0,0.0,0.0,0.0,0.0,0.0,0.0,0.0,0.0,0.0,0.0,0.0,0.0,0.0,0.0,0.0
49,2021-12-05,18:15:00,0.0,0.0,0.0,0.0,0.0,0.0,0.0,0.0,0.0,0.0,0.0,0.0,0.0,0.0,0.0,0.0,0.0,0.0,0.0,0.0,0.0,0.0,0.0,0.0,0.0,0.0,0.0,0.0,0.0,0.0,0.0,0.0,0.0,0.0,0.0,0.0,0.0,0.0,0.0,0.0,0.0,0.0,0.0,0.0,0.0,0.0,0.0,0.0,0.0,0.0,0.0,0.0,0.0,0.0,0.0,0.0,0.0,0.0,0.0,0.0,0.0,0.0,0.0,0.0,0.0,0.0,0.0,0.0,0.0,0.0,0.0,0.0,0.0,0.0,0.0,0.0,0.0,0.0,0.0,0.0,0.0,0.0,0.0,0.0,0.0,0.0,0.0,0.0,0.0,0.0,0.0,0.0,0.0,0.0,0.0,0.0,0.0,0.0,0.0,0.0,0.0,0.0,0.0,0.0,0.0,0.0,0.0,0.0,0.0,0.0,0.0,0.0,0.0,0.0,0.0,0.0,0.0,0.0,0.0,0.0,0.0,0.0,0.0,0.0,0.0,0.0,0.0,0.0,0.0,0.0,0.0,0.0,0.0,0.0,0.0,0.0,0.0,0.0,0.0,0.0,0.0,0.0,0.0,0.0,0.0,0.0,0.0,0.0,0.0,0.0,0.0,0.0,0.0,0.0,0.0,0.0,0.0,0.0,0.0,0.0,0.0,0.0,0.0,0.0,0.0,0.0,0.0,0.0,0.0,0.0,0.0,0.0,0.0,0.0,0.0,0.0,0.0,0.0,0.0,0.0,0.0,0.0,0.0,0.0,0.0,0.0,0.0,0.0,0.0,0.0,0.0,0.0,0.0,0.0,0.0,0.0
50,2021-12-05,18:30:00,0.0,0.0,0.0,0.0,0.0,0.0,0.0,0.0,0.0,0.0,0.0,0.0,0.0,0.0,0.0,0.0,0.0,0.0,0.0,0.0,0.0,0.0,0.0,0.0,0.0,0.0,0.0,0.0,0.0,0.0,0.0,0.0,0.0,0.0,0.0,0.0,0.0,0.0,0.0,0.0,0.0,0.0,0.0,0.0,0.0,0.0,0.0,0.0,0.0,0.0,0.0,0.0,0.0,0.0,0.0,0.0,0.0,0.0,0.0,0.0,0.0,0.0,0.0,0.0,0.0,0.0,0.0,0.0,0.0,0.0,0.0,0.0,0.0,0.0,0.0,0.0,0.0,0.0,0.0,0.0,0.0,0.0,0.0,0.0,0.0,0.0,0.0,0.0,0.0,0.0,0.0,0.0,0.0,0.0,0.0,0.0,0.0,0.0,0.0,0.0,0.0,0.0,0.0,0.0,0.0,0.0,0.0,0.0,0.0,0.0,0.0,0.0,0.0,0.0,0.0,0.0,0.0,0.0,0.0,0.0,0.0,0.0,0.0,0.0,0.0,0.0,0.0,0.0,0.0,0.0,0.0,0.0,0.0,0.0,0.0,0.0,0.0,0.0,0.0,0.0,0.0,0.0,0.0,0.0,0.0,0.0,0.0,0.0,0.0,0.0,0.0,0.0,0.0,0.0,0.0,0.0,0.0,0.0,0.0,0.0,0.0,0.0,0.0,0.0,0.0,0.0,0.0,0.0,0.0,0.0,0.0,0.0,0.0,0.0,0.0,0.0,0.0,0.0,0.0,0.0,0.0,0.0,0.0,0.0,0.0,0.0,0.0,0.0,0.0,0.0,0.0,0.0,0.0,0.0,0.0,0.0
51,2021-12-05,18:45:00,0.0,0.0,0.0,0.0,0.0,0.0,0.0,0.0,0.0,0.0,0.0,0.0,0.0,0.0,0.0,0.0,0.0,0.0,0.0,0.0,0.0,0.0,0.0,0.0,0.0,0.0,0.0,0.0,0.0,0.0,0.0,0.0,0.0,0.0,0.0,0.0,0.0,0.0,0.0,0.0,0.0,0.0,0.0,0.0,0.0,0.0,0.0,0.0,0.0,0.0,0.0,0.0,0.0,0.0,0.0,0.0,0.0,0.0,0.0,0.0,0.0,0.0,0.0,0.0,0.0,0.0,0.0,0.0,0.0,0.0,0.0,0.0,0.0,0.0,0.0,0.0,0.0,0.0,0.0,0.0,0.0,0.0,0.0,0.0,0.0,0.0,0.0,0.0,0.0,0.0,0.0,0.0,0.0,0.0,0.0,0.0,0.0,0.0,0.0,0.0,0.0,0.0,0.0,0.0,0.0,0.0,0.0,0.0,0.0,0.0,0.0,0.0,0.0,0.0,0.0,0.0,0.0,0.0,0.0,0.0,0.0,0.0,0.0,0.0,0.0,0.0,0.0,0.0,0.0,0.0,0.0,0.0,0.0,0.0,0.0,0.0,0.0,0.0,0.0,0.0,0.0,0.0,0.0,0.0,0.0,0.0,0.0,0.0,0.0,0.0,0.0,0.0,0.0,0.0,0.0,0.0,0.0,0.0,0.0,0.0,0.0,0.0,0.0,0.0,0.0,0.0,0.0,0.0,0.0,0.0,0.0,0.0,0.0,0.0,0.0,0.0,0.0,0.0,0.0,0.0,0.0,0.0,0.0,0.0,0.0,0.0,0.0,0.0,0.0,0.0,0.0,0.0,0.0,0.0,0.0,0.0
52,2021-12-05,19:00:00,0.0,0.0,0.0,0.0,0.0,0.0,0.0,0.0,0.0,0.0,0.0,0.0,0.0,0.0,0.0,0.0,0.0,0.0,0.0,0.0,0.0,0.0,0.0,0.0,0.0,0.0,0.0,0.0,0.0,0.0,0.0,0.0,0.0,0.0,0.0,0.0,0.0,0.0,0.0,0.0,0.0,0.0,0.0,0.0,0.0,0.0,0.0,0.0,0.0,0.0,0.0,0.0,0.0,0.0,0.0,0.0,0.0,0.0,0.0,0.0,0.0,0.0,0.0,0.0,0.0,0.0,0.0,0.0,0.0,0.0,0.0,0.0,0.0,0.0,0.0,0.0,0.0,0.0,0.0,0.0,0.0,0.0,0.0,0.0,0.0,0.0,0.0,0.0,0.0,0.0,0.0,0.0,0.0,0.0,0.0,0.0,0.0,0.0,0.0,0.0,0.0,0.0,0.0,0.0,0.0,0.0,0.0,0.0,0.0,0.0,0.0,0.0,0.0,0.0,0.0,0.0,0.0,0.0,0.0,0.0,0.0,0.0,0.0,0.0,0.0,0.0,0.0,0.0,0.0,0.0,0.0,0.0,0.0,0.0,0.0,0.0,0.0,0.0,0.0,0.0,0.0,0.0,0.0,0.0,0.0,0.0,0.0,0.0,0.0,0.0,0.0,0.0,0.0,0.0,0.0,0.0,0.0,0.0,0.0,0.0,0.0,0.0,0.0,0.0,0.0,0.0,0.0,0.0,0.0,0.0,0.0,0.0,0.0,0.0,0.0,0.0,0.0,0.0,0.0,0.0,0.0,0.0,0.0,0.0,0.0,0.0,0.0,0.0,0.0,0.0,0.0,0.0,0.0,0.0,0.0,0.0
53,2021-12-05,19:15:00,0.0,0.0,0.0,0.0,0.0,0.0,0.0,0.0,0.0,0.0,0.0,0.0,0.0,0.0,0.0,0.0,0.0,0.0,0.0,0.0,0.0,0.0,0.0,0.0,0.0,0.0,0.0,0.0,0.0,0.0,0.0,0.0,0.0,0.0,0.0,0.0,0.0,0.0,0.0,0.0,0.0,0.0,0.0,0.0,0.0,0.0,0.0,0.0,0.0,0.0,0.0,0.0,0.0,0.0,0.0,0.0,0.0,0.0,0.0,0.0,0.0,0.0,0.0,0.0,0.0,0.0,0.0,0.0,0.0,0.0,0.0,0.0,0.0,0.0,0.0,0.0,0.0,0.0,0.0,0.0,0.0,0.0,0.0,0.0,0.0,0.0,0.0,0.0,0.0,0.0,0.0,0.0,0.0,0.0,0.0,0.0,0.0,0.0,0.0,0.0,0.0,0.0,0.0,0.0,0.0,0.0,0.0,0.0,0.0,0.0,0.0,0.0,0.0,0.0,0.0,0.0,0.0,0.0,0.0,0.0,0.0,0.0,0.0,0.0,0.0,0.0,0.0,0.0,0.0,0.0,0.0,0.0,0.0,0.0,0.0,0.0,0.0,0.0,0.0,0.0,0.0,0.0,0.0,0.0,0.0,0.0,0.0,0.0,0.0,0.0,0.0,0.0,0.0,0.0,0.0,0.0,0.0,0.0,0.0,0.0,0.0,0.0,0.0,0.0,0.0,0.0,0.0,0.0,0.0,0.0,0.0,0.0,0.0,0.0,0.0,0.0,0.0,0.0,0.0,0.0,0.0,0.0,0.0,0.0,0.0,0.0,0.0,0.0,0.0,0.0,0.0,0.0,0.0,0.0,0.0,0.0
54,2021-12-05,19:30:00,0.0,0.0,0.0,0.0,0.0,0.0,0.0,0.0,0.0,0.0,0.0,0.0,0.0,0.0,0.0,0.0,0.0,0.0,0.0,0.0,0.0,0.0,0.0,0.0,0.0,0.0,0.0,0.0,0.0,0.0,0.0,0.0,0.0,0.0,0.0,0.0,0.0,0.0,0.0,0.0,0.0,0.0,0.0,0.0,0.0,0.0,0.0,0.0,0.0,0.0,0.0,0.0,0.0,0.0,0.0,0.0,0.0,0.0,0.0,0.0,0.0,0.0,0.0,0.0,0.0,0.0,0.0,0.0,0.0,0.0,0.0,0.0,0.0,0.0,0.0,0.0,0.0,0.0,0.0,0.0,0.0,0.0,0.0,0.0,0.0,0.0,0.0,0.0,0.0,0.0,0.0,0.0,0.0,0.0,0.0,0.0,0.0,0.0,0.0,0.0,0.0,0.0,0.0,0.0,0.0,0.0,0.0,0.0,0.0,0.0,0.0,0.0,0.0,0.0,0.0,0.0,0.0,0.0,0.0,0.0,0.0,0.0,0.0,0.0,0.0,0.0,0.0,0.0,0.0,0.0,0.0,0.0,0.0,0.0,0.0,0.0,0.0,0.0,0.0,0.0,0.0,0.0,0.0,0.0,0.0,0.0,0.0,0.0,0.0,0.0,0.0,0.0,0.0,0.0,0.0,0.0,0.0,0.0,0.0,0.0,0.0,0.0,0.0,0.0,0.0,0.0,0.0,0.0,0.0,0.0,0.0,0.0,0.0,0.0,0.0,0.0,0.0,0.0,0.0,0.0,0.0,0.0,0.0,0.0,0.0,0.0,0.0,0.0,0.0,0.0,0.0,0.0,0.0,0.0,0.0,0.0
55,2021-12-05,19:45:00,0.0,0.0,0.0,0.0,0.0,0.0,0.0,0.0,0.0,0.0,0.0,0.0,0.0,0.0,0.0,0.0,0.0,0.0,0.0,0.0,0.0,0.0,0.0,0.0,0.0,0.0,0.0,0.0,0.0,0.0,0.0,0.0,0.0,0.0,0.0,0.0,0.0,0.0,0.0,0.0,0.0,0.0,0.0,0.0,0.0,0.0,0.0,0.0,0.0,0.0,0.0,0.0,0.0,0.0,0.0,0.0,0.0,0.0,0.0,0.0,0.0,0.0,0.0,0.0,0.0,0.0,0.0,0.0,0.0,0.0,0.0,0.0,0.0,0.0,0.0,0.0,0.0,0.0,0.0,0.0,0.0,0.0,0.0,0.0,0.0,0.0,0.0,0.0,0.0,0.0,0.0,0.0,0.0,0.0,0.0,0.0,0.0,0.0,0.0,0.0,0.0,0.0,0.0,0.0,0.0,0.0,0.0,0.0,0.0,0.0,0.0,0.0,0.0,0.0,0.0,0.0,0.0,0.0,0.0,0.0,0.0,0.0,0.0,0.0,0.0,0.0,0.0,0.0,0.0,0.0,0.0,0.0,0.0,0.0,0.0,0.0,0.0,0.0,0.0,0.0,0.0,0.0,0.0,0.0,0.0,0.0,0.0,0.0,0.0,0.0,0.0,0.0,0.0,0.0,0.0,0.0,0.0,0.0,0.0,0.0,0.0,0.0,0.0,0.0,0.0,0.0,0.0,0.0,0.0,0.0,0.0,0.0,0.0,0.0,0.0,0.0,0.0,0.0,0.0,0.0,0.0,0.0,0.0,0.0,0.0,0.0,0.0,0.0,0.0,0.0,0.0,0.0,0.0,0.0,0.0,0.0
