,Data,Hora,P1.1.1 V (V),P1.1.2 V (V),P1.1.3 V (V),P1.1.4 V (V),P1.1.5 V (V),P1.1.6 V (V),P1.1.7 V (V),P1.1.8 V (V),P1.1.9 V (V),P1.1.10 V (V),P1.1.11 V (V),P1.1.12 V (V),P1.1.13 V (V),P1.1.14 V (V),P1.1.15 V (V),P1.1.16 V (V),P1.2.1 V (V),P1.2.2 V (V),P1.2.3 V (V),P1.2.4 V (V),P1.2.5 V (V),P1.2.6 V (V),P1.2.7 V (V),P1.2.8 V (V),P1.2.9 V (V),P1.2.10 V (V),P1.2.11 V (V),P1.2.12 V (V),P1.2.13 V (V),P1.2.14 V (V),P1.2.15 V (V),P1.2.16 V (V),P1.3.1 V (V),P1.3.2 V (V),P1.3.3 V (V),P1.3.4 V (V),P1.3.5 V (V),P1.3.6 V (V),P1.3.7 V (V),P1.3.8 V (V),P1.3.9 V (V),P1.3.10 V (V),P1.3.11 V (V),P1.3.12 V (V),P1.3.13 V (V),P1.3.14 V (V),P1.3.15 V (V),P1.3.16 V (V)
0,2021-02-03,06:00:00,0.0,0.0,0.0,0.0,0.0,0.0,0.0,0.0,0.0,0.0,0.0,0.0,0.0,0.0,0.0,0.0,0.0,0.0,0.0,0.0,0.0,0.0,0.0,0.0,0.0,0.0,0.0,0.0,0.0,0.0,0.0,0.0,0.0,0.0,0.0,0.0,0.0,0.0,0.0,0.0,0.0,0.0,0.0,0.0,0.0,0.0,0.0,0.0
1,2021-02-03,06:15:00,64.5625,65.875,65.75,66.625,65.83333333333333,66.29166666666667,66.16666666666667,63.75,67.95833333333333,66.25,65.29166666666667,67.41666666666667,67.4375,65.8125,64.9375,64.25,65.5625,66.0,62.916666666666664,62.40625,64.66666666666667,62.041666666666664,68.5625,62.666666666666664,65.95833333333333,67.625,68.875,68.5,68.0,67.9375,68.4375,64.625,64.0,66.375,65.41666666666667,67.625,63.166666666666664,64.75,65.09375,67.16666666666667,64.625,64.625,67.75,68.25,63.875,65.45833333333333,69.5,66.08333333333333
2,2021-02-03,06:30:00,67.58333333333333,68.125,66.625,68.375,68.0625,67.04166666666667,67.83333333333333,67.79166666666667,68.5625,68.0625,68.375,67.95833333333333,69.6875,66.41666666666667,67.20833333333333,68.125,67.125,66.5,68.25,67.875,67.5625,65.83333333333333,68.125,66.375,66.6875,66.875,68.0,66.25,67.83333333333333,69.34375,70.6875,67.625,66.70833333333333,68.20833333333333,69.0,66.95833333333333,68.75,69.79166666666667,66.125,68.16666666666667,65.5,68.20833333333333,68.3125,68.25,68.04166666666667,70.125,70.125,68.25
3,2021-02-03,06:45:00,67.375,69.0,68.95833333333333,70.5625,69.16666666666667,68.5,66.0,68.125,70.25,69.6875,68.75,70.33333333333333,69.08333333333333,68.58333333333333,69.0625,68.0625,67.91666666666667,69.125,68.0,69.5,69.29166666666667,68.16666666666667,69.125,69.54166666666667,69.3125,69.29166666666667,67.25,69.59375,69.95833333333333,70.33333333333333,71.1875,68.4375,69.29166666666667,69.125,67.25,70.0,68.375,70.08333333333333,66.125,69.20833333333333,66.125,69.04166666666667,68.83333333333333,70.04166666666667,66.70833333333333,70.25,71.0,69.04166666666667
4,2021-02-03,07:00:00,69.33333333333333,69.5,69.58333333333333,71.54166666666667,70.625,70.66666666666667,69.3125,70.95833333333333,69.0625,70.3125,70.375,69.91666666666667,69.54166666666667,70.08333333333333,69.875,70.33333333333333,68.58333333333333,69.1875,69.54166666666667,69.29166666666667,69.45833333333333,69.91666666666667,71.20833333333333,70.16666666666667,68.83333333333333,71.1875,70.25,69.5625,70.0625,73.0,73.75,70.0625,69.45833333333333,70.8125,69.70833333333333,69.1875,70.20833333333333,70.54166666666667,69.79166666666667,70.625,70.16666666666667,71.25,70.20833333333333,70.9375,68.4375,71.53125,72.5625,71.41666666666667
5,2021-02-03,07:15:00,71.08333333333333,69.79166666666667,69.375,72.33333333333333,69.6875,70.625,70.20833333333333,69.83333333333333,70.40625,70.25,70.16666666666667,70.875,71.0,71.08333333333333,70.75,69.5,70.25,70.5,70.0625,71.91666666666667,70.375,70.625,71.25,70.95833333333333,68.5,72.125,71.29166666666667,70.8125,70.95833333333333,73.375,73.9375,71.5625,69.66666666666667,71.25,69.70833333333333,69.6875,70.4375,69.25,69.95833333333333,71.08333333333333,70.25,70.75,71.75,70.08333333333333,70.25,72.25,71.8125,71.41666666666667
6,2021-02-03,07:30:00,70.9375,71.41666666666667,71.6875,71.4375,70.91666666666667,70.875,71.04166666666667,70.125,70.3125,70.90625,70.5,71.66666666666667,72.5,70.375,70.15625,70.41666666666667,70.3125,70.5,70.20833333333333,70.9375,69.91666666666667,71.0,71.5,70.9375,70.83333333333333,71.75,71.91666666666667,71.29166666666667,71.21875,73.9375,75.15625,70.21875,71.125,71.33333333333333,71.41666666666667,71.0,70.625,70.20833333333333,70.5625,70.58333333333333,69.875,70.08333333333333,71.58333333333333,70.70833333333333,70.375,73.04166666666667,74.0,71.75
7,2021-02-03,07:45:00,68.1875,70.95833333333333,70.125,69.83333333333333,70.20833333333333,70.0625,70.0,69.79166666666667,70.875,69.9375,70.54166666666667,70.83333333333333,70.75,70.08333333333333,70.41666666666667,70.5625,70.08333333333333,69.9375,70.08333333333333,72.125,71.0,70.75,70.625,70.25,69.9375,70.54166666666667,71.0,70.375,70.375,75.5625,79.125,70.375,69.4375,70.29166666666667,70.375,70.03125,70.125,70.20833333333333,69.83333333333333,70.875,69.65625,70.20833333333333,70.625,69.83333333333333,70.33333333333333,71.91666666666667,76.0625,71.54166666666667
8,2021-02-03,08:00:00,68.3125,69.20833333333333,68.875,68.08333333333333,68.20833333333333,68.625,67.8125,67.8125,69.29166666666667,69.45833333333333,68.5,69.70833333333333,70.0,68.75,68.66666666666667,69.75,69.1875,69.0625,69.75,69.75,68.625,69.08333333333333,69.16666666666667,69.66666666666667,68.5625,69.29166666666667,69.45833333333333,69.08333333333333,69.08333333333333,72.1875,79.25,68.3125,68.33333333333333,69.0,68.79166666666667,67.41666666666667,68.125,67.9375,67.875,67.70833333333333,67.08333333333333,68.0,68.91666666666667,68.0625,67.41666666666667,69.125,73.20833333333333,70.0625
9,2021-02-03,08:15:00,66.75,67.1875,67.5625,67.95833333333333,67.16666666666667,67.625,66.5625,68.25,68.58333333333333,68.1875,68.6875,68.45833333333333,68.875,68.875,66.95833333333333,68.45833333333333,67.79166666666667,68.16666666666667,68.54166666666667,69.4375,68.5625,68.625,68.54166666666667,67.79166666666667,68.1875,68.875,68.45833333333333,69.0,69.375,69.75,77.625,69.5625,67.75,68.625,67.875,67.4375,68.125,66.78125,67.33333333333333,66.9375,66.75,67.6875,67.375,67.75,67.125,68.125,69.8125,69.04166666666667
10,2021-02-03,08:30:00,67.29166666666667,68.125,68.45833333333333,69.3125,67.66666666666667,68.95833333333333,66.95833333333333,68.0625,69.16666666666667,68.25,68.125,68.5,69.375,68.70833333333333,68.20833333333333,68.95833333333333,68.3125,68.95833333333333,68.0,68.625,69.0,69.04166666666667,69.0,67.4375,67.625,68.90625,68.84375,68.625,68.9375,71.91666666666667,73.96875,68.54166666666667,68.0625,69.08333333333333,68.16666666666667,68.0,67.45833333333333,67.41666666666667,67.3125,67.375,67.5,67.0625,68.3125,67.54166666666667,66.33333333333333,69.625,70.95833333333333,68.625
11,2021-02-03,08:45:00,68.375,67.875,68.875,68.5,68.20833333333333,67.375,67.33333333333333,69.1875,68.29166666666667,68.70833333333333,68.0,68.29166666666667,69.08333333333333,68.375,68.6875,68.66666666666667,67.78125,68.25,68.66666666666667,69.0,68.375,68.41666666666667,68.9375,68.6875,68.91666666666667,69.3125,68.5,68.66666666666667,69.625,70.91666666666667,73.125,68.9375,68.08333333333333,69.29166666666667,68.66666666666667,68.375,67.625,67.70833333333333,67.84375,67.9375,67.46875,67.125,67.58333333333333,67.875,67.5625,69.25,71.65625,69.0
12,2021-02-03,09:00:00,66.25,65.5625,66.75,66.0,65.91666666666667,66.0625,65.75,65.16666666666667,66.5,67.5,66.41666666666667,66.66666666666667,67.0,66.375,66.84375,67.20833333333333,65.75,67.29166666666667,67.45833333333333,66.75,67.66666666666667,67.75,67.16666666666667,67.75,67.33333333333333,67.54166666666667,67.125,66.79166666666667,67.70833333333333,66.79166666666667,69.625,67.5,66.54166666666667,66.45833333333333,66.5625,65.95833333333333,66.04166666666667,65.95833333333333,65.625,65.75,66.75,65.6875,66.375,66.1875,65.20833333333333,65.95833333333333,66.5,67.125
13,2021-02-03,09:15:00,68.625,67.375,66.125,65.54166666666667,64.08333333333333,66.1875,65.0,64.0,66.90625,66.08333333333333,65.6875,66.95833333333333,65.58333333333333,64.45833333333333,64.45833333333333,70.0,65.45833333333333,66.95833333333333,66.04166666666667,67.4375,66.41666666666667,64.125,66.1875,67.08333333333333,66.95833333333333,65.75,66.375,66.16666666666667,67.15625,67.125,66.5625,65.66666666666667,64.58333333333333,65.6875,65.28125,66.0,67.5,66.25,65.20833333333333,66.08333333333333,65.59375,64.4375,65.04166666666667,65.375,63.125,65.375,65.08333333333333,66.625
14,2021-02-03,09:30:00,66.83333333333333,67.66666666666667,68.58333333333333,68.70833333333333,67.75,69.04166666666667,68.25,66.70833333333333,68.5,68.875,67.79166666666667,67.9375,68.3125,67.5,66.9375,67.15625,68.25,67.6875,68.9375,68.45833333333333,67.95833333333333,66.58333333333333,67.33333333333333,67.66666666666667,67.5,66.6875,66.875,68.5,67.375,66.8125,70.1875,68.0,68.25,68.625,67.625,67.5,66.8125,67.95833333333333,67.125,69.625,68.33333333333333,69.0625,67.29166666666667,68.58333333333333,65.875,68.91666666666667,71.0,68.95833333333333
15,2021-02-03,09:45:00,67.29166666666667,68.9375,68.375,68.4375,68.04166666666667,68.16666666666667,67.5,67.875,68.625,69.45833333333333,68.58333333333333,68.54166666666667,67.75,67.95833333333333,68.375,67.75,68.16666666666667,69.0,69.25,69.25,68.625,68.75,69.1875,69.08333333333333,68.34375,68.20833333333333,67.375,69.08333333333333,68.66666666666667,69.3125,70.75,68.75,67.83333333333333,69.79166666666667,69.04166666666667,68.625,68.75,68.0625,67.8125,68.5625,68.6875,69.0,68.66666666666667,68.8125,68.75,69.125,69.375,69.1875
16,2021-02-03,10:00:00,68.25,68.09375,68.04166666666667,68.04166666666667,67.70833333333333,68.75,69.5,67.91666666666667,69.6875,68.91666666666667,69.0,69.20833333333333,68.71875,69.5625,67.75,68.0,67.66666666666667,68.90625,69.875,69.08333333333333,68.41666666666667,69.5,68.5625,69.5,68.4375,68.9375,68.625,68.5625,68.91666666666667,71.4375,70.66666666666667,69.5,69.875,69.0625,68.95833333333333,68.5625,68.16666666666667,67.70833333333333,69.0,69.66666666666667,67.84375,68.25,68.58333333333333,68.0,67.91666666666667,69.1875,69.15625,68.5
17,2021-02-03,10:15:00,66.875,67.33333333333333,67.5,67.25,68.08333333333333,68.5625,66.875,67.33333333333333,66.625,68.6875,67.91666666666667,66.95833333333333,66.79166666666667,67.625,68.0,66.875,67.58333333333333,68.5,68.0625,69.125,67.875,68.16666666666667,67.75,68.5,68.75,68.79166666666667,67.375,67.54166666666667,68.375,68.45833333333333,70.08333333333333,68.0625,66.625,67.875,67.75,67.53125,67.75,68.16666666666667,67.75,68.29166666666667,68.4375,68.6875,67.16666666666667,68.0,67.09375,67.0,68.875,68.5
18,2021-02-03,10:30:00,64.59375,63.875,64.625,66.625,64.16666666666667,67.20833333333333,64.0,66.0,63.6875,66.28125,64.875,67.875,64.0,65.125,66.9375,63.708333333333336,67.0,66.25,70.4375,67.83333333333333,65.83333333333333,66.5,65.1875,66.9375,67.41666666666667,68.8125,66.625,64.625,64.41666666666667,66.58333333333333,62.5,66.91666666666667,64.79166666666667,65.54166666666667,64.125,64.875,65.90625,64.29166666666667,64.08333333333333,64.83333333333333,65.5,64.78125,63.6875,65.0625,65.95833333333333,63.791666666666664,64.75,66.16666666666667
19,2021-02-03,10:45:00,64.375,65.04166666666667,65.0,63.958333333333336,63.25,63.75,63.208333333333336,62.166666666666664,64.58333333333333,65.375,65.3125,64.20833333333333,64.375,65.0,64.3125,64.875,63.09375,62.5,67.25,65.08333333333333,65.9375,64.875,66.9375,67.45833333333333,64.5625,69.0,65.0,0.0,64.4375,64.875,65.58333333333333,64.5,64.875,65.58333333333333,64.3125,64.25,61.875,63.0,65.0625,63.5625,62.625,63.166666666666664,64.625,63.958333333333336,62.125,62.75,65.375,65.70833333333333
20,2021-02-03,11:00:00,65.9375,65.8125,66.125,66.4375,67.0,66.66666666666667,65.83333333333333,64.41666666666667,66.4375,66.875,66.125,66.58333333333333,65.5,65.125,66.3125,66.59375,65.625,65.91666666666667,65.125,67.0,66.3125,66.375,66.125,67.875,67.875,67.70833333333333,65.9375,66.375,65.95833333333333,66.8125,67.66666666666667,66.375,66.83333333333333,66.5625,65.1875,65.66666666666667,66.04166666666667,65.125,65.0,65.53125,65.375,65.25,64.125,65.83333333333333,65.375,67.125,66.75,66.375
21,2021-02-03,11:15:00,64.0,70.0625,69.0625,69.45833333333333,68.625,71.79166666666667,73.16666666666667,68.91666666666667,69.375,69.41666666666667,67.4375,69.29166666666667,67.59375,69.91666666666667,67.20833333333333,67.66666666666667,71.03125,71.625,69.4375,71.625,69.54166666666667,69.4375,72.25,70.125,68.75,68.83333333333333,67.79166666666667,70.625,71.58333333333333,70.95833333333333,69.04166666666667,67.0625,64.83333333333333,69.375,65.625,68.125,71.45833333333333,71.9375,70.09375,71.0,67.4375,68.5625,68.90625,68.66666666666667,67.5,68.75,69.33333333333333,68.875
22,2021-02-03,11:30:00,64.625,66.25,68.1875,66.33333333333333,66.375,64.83333333333333,65.375,70.0,65.875,64.96875,65.0625,65.0,65.58333333333333,66.125,65.16666666666667,66.29166666666667,66.25,65.29166666666667,64.91666666666667,65.90625,65.91666666666667,64.54166666666667,67.95833333333333,66.75,68.125,66.83333333333333,65.125,65.9375,67.0,65.375,65.04166666666667,67.3125,65.79166666666667,67.6875,70.875,66.375,66.875,64.6875,64.0625,66.0,64.16666666666667,65.6875,63.6875,64.875,64.83333333333333,64.375,67.16666666666667,68.83333333333333
23,2021-02-03,11:45:00,66.875,63.875,64.70833333333333,64.125,63.375,63.458333333333336,65.625,65.04166666666667,65.75,63.5,64.9375,64.45833333333333,64.41666666666667,63.75,64.125,66.83333333333333,63.5625,64.95833333333333,65.5625,66.58333333333333,64.41666666666667,66.54166666666667,64.75,67.0625,67.4375,67.125,68.25,65.33333333333333,66.0,66.125,67.875,65.29166666666667,67.25,66.0625,63.5625,66.625,65.5,66.75,67.0,65.4375,63.833333333333336,63.375,64.33333333333333,64.875,60.9375,62.625,64.1875,65.25
24,2021-02-03,12:00:00,65.1875,65.79166666666667,66.0,68.20833333333333,64.5,64.25,62.625,65.41666666666667,68.04166666666667,67.5625,64.5,68.66666666666667,63.416666666666664,66.375,63.5,67.0625,65.75,64.66666666666667,65.25,64.95833333333333,64.20833333333333,67.1875,64.3125,64.45833333333333,68.41666666666667,66.41666666666667,64.95833333333333,65.84375,63.8125,67.58333333333333,65.0,66.20833333333333,68.25,66.91666666666667,64.375,66.16666666666667,64.40625,67.75,63.125,64.375,66.16666666666667,63.166666666666664,70.125,63.5,63.3125,64.25,63.916666666666664,67.91666666666667
25,2021-02-03,12:15:00,64.95833333333333,65.53125,65.25,65.66666666666667,63.916666666666664,64.9375,64.3125,64.875,65.70833333333333,65.875,64.6875,65.66666666666667,65.8125,65.16666666666667,65.84375,66.29166666666667,66.125,66.33333333333333,64.66666666666667,66.0625,66.4375,66.0,66.95833333333333,67.1875,66.5,65.75,65.41666666666667,66.16666666666667,64.625,65.83333333333333,67.83333333333333,65.70833333333333,66.25,67.0625,65.5,65.33333333333333,65.5,64.125,63.9375,65.0,64.4375,64.75,64.03125,63.833333333333336,63.0,64.95833333333333,65.75,67.0
26,2021-02-03,12:30:00,67.25,70.41666666666667,67.1875,66.625,65.375,65.08333333333333,65.70833333333333,67.75,73.375,67.58333333333333,69.04166666666667,65.54166666666667,65.08333333333333,65.95833333333333,66.5,65.08333333333333,68.1875,67.83333333333333,67.1875,66.95833333333333,69.3125,65.375,66.875,66.1875,65.875,69.1875,66.25,66.45833333333333,65.8125,68.04166666666667,64.125,64.9375,65.29166666666667,69.04166666666667,65.3125,68.20833333333333,67.5,67.08333333333333,64.54166666666667,66.58333333333333,66.29166666666667,68.79166666666667,65.375,68.875,64.625,67.75,65.59375,67.75
27,2021-02-03,12:45:00,65.6875,65.9375,65.4375,68.08333333333333,67.29166666666667,67.375,64.83333333333333,67.20833333333333,65.5625,66.4375,65.33333333333333,67.375,68.875,66.0625,67.09375,66.0,64.91666666666667,65.58333333333333,65.3125,67.6875,67.40625,66.1875,66.04166666666667,65.25,66.4375,65.6875,64.625,65.95833333333333,68.75,64.70833333333333,68.33333333333333,67.1875,67.70833333333333,66.625,65.75,66.125,67.29166666666667,67.25,65.25,66.75,63.916666666666664,64.83333333333333,64.04166666666667,65.79166666666667,65.70833333333333,68.375,65.625,67.79166666666667
28,2021-02-03,13:00:00,65.3125,67.875,68.75,69.5625,64.625,68.25,68.54166666666667,70.08333333333333,70.0625,67.25,67.625,67.65625,65.08333333333333,69.3125,68.375,69.9375,66.95833333333333,66.45833333333333,66.29166666666667,67.3125,66.0,65.70833333333333,68.5,67.25,66.0625,67.125,65.16666666666667,69.25,67.125,67.29166666666667,69.0,68.0625,67.58333333333333,70.33333333333333,67.25,66.95833333333333,67.08333333333333,63.875,65.58333333333333,67.41666666666667,69.125,64.5,67.125,68.8125,65.25,66.54166666666667,68.3125,68.375
29,2021-02-03,13:15:00,65.25,65.5625,65.6875,65.70833333333333,64.9375,65.125,65.70833333333333,66.08333333333333,65.83333333333333,65.0,65.9375,64.54166666666667,64.75,65.125,67.5625,66.20833333333333,65.5625,64.45833333333333,64.20833333333333,66.70833333333333,64.95833333333333,66.58333333333333,67.20833333333333,67.9375,65.5625,66.125,64.83333333333333,65.33333333333333,64.5625,65.125,64.41666666666667,65.03125,65.1875,66.41666666666667,66.79166666666667,66.5625,65.04166666666667,67.25,66.6875,64.91666666666667,64.625,63.541666666666664,64.3125,65.1875,64.20833333333333,65.04166666666667,65.25,66.20833333333333
30,2021-02-03,13:30:00,64.0625,65.5625,64.9375,65.3125,64.625,64.9375,63.8125,64.3125,63.208333333333336,64.0,64.6875,65.33333333333333,65.25,64.875,64.0625,66.125,63.375,66.375,64.1875,68.95833333333333,66.375,66.625,66.625,66.45833333333333,67.15625,66.4375,64.79166666666667,64.58333333333333,64.375,65.16666666666667,65.25,64.5,66.625,66.83333333333333,66.95833333333333,65.66666666666667,63.8125,64.20833333333333,66.375,65.3125,64.25,63.9375,64.0,64.95833333333333,64.95833333333333,64.91666666666667,64.54166666666667,67.45833333333333
31,2021-02-03,13:45:00,66.28125,65.84375,65.75,65.625,65.0,66.83333333333333,64.375,64.75,64.95833333333333,65.29166666666667,64.20833333333333,65.5,65.04166666666667,64.875,65.29166666666667,65.95833333333333,64.20833333333333,64.125,65.5,66.3125,65.16666666666667,66.6875,65.75,65.6875,65.1875,66.4375,65.1875,65.0,65.28125,65.20833333333333,64.91666666666667,65.78125,66.125,66.45833333333333,65.1875,65.45833333333333,65.29166666666667,64.375,64.625,65.16666666666667,64.08333333333333,63.0,65.0,65.25,64.5625,64.83333333333333,65.5,66.75
32,2021-02-03,14:00:00,65.375,66.20833333333333,65.70833333333333,65.75,65.33333333333333,66.29166666666667,66.1875,65.66666666666667,65.5,64.875,64.54166666666667,65.375,65.0,65.29166666666667,66.125,66.125,64.66666666666667,64.08333333333333,64.75,65.5625,66.04166666666667,65.5,66.375,66.25,65.45833333333333,66.03125,65.0,65.3125,65.1875,65.0625,65.1875,64.8125,66.0,66.95833333333333,65.5,65.9375,65.625,64.75,64.46875,65.0625,65.25,64.25,65.1875,65.03125,64.875,65.4375,66.08333333333333,67.29166666666667
33,2021-02-03,14:15:00,65.5,68.5,66.4375,66.5,67.125,65.75,64.8125,62.5,65.5,65.8125,65.29166666666667,66.1875,65.75,65.0625,66.5,66.625,63.6875,65.0625,66.1875,66.9375,65.375,66.125,66.3125,66.8125,64.9375,67.625,65.29166666666667,64.79166666666667,0.0,66.125,63.5,64.875,66.04166666666667,66.66666666666667,69.58333333333333,63.25,66.91666666666667,65.41666666666667,65.0,65.375,65.29166666666667,60.625,65.54166666666667,65.75,65.59375,66.41666666666667,66.1875,68.29166666666667
34,2021-02-03,14:30:00,67.20833333333333,66.125,67.20833333333333,67.16666666666667,67.45833333333333,67.58333333333333,65.95833333333333,65.41666666666667,66.6875,66.09375,65.70833333333333,65.25,66.375,66.54166666666667,66.83333333333333,67.625,65.75,66.375,66.04166666666667,65.3125,66.84375,66.04166666666667,67.91666666666667,66.4375,67.0,67.03125,65.04166666666667,67.3125,66.25,66.91666666666667,67.625,66.25,67.1875,68.95833333333333,66.25,66.75,67.375,66.54166666666667,66.66666666666667,66.1875,66.04166666666667,65.70833333333333,66.375,69.625,66.45833333333333,67.91666666666667,67.65625,68.45833333333333
35,2021-02-03,14:45:00,68.3125,69.0,68.5,69.25,68.5,69.125,68.25,68.20833333333333,65.25,69.08333333333333,68.25,68.79166666666667,68.59375,68.75,67.70833333333333,69.6875,67.5,67.70833333333333,67.625,69.625,68.1875,68.41666666666667,68.875,68.75,68.5,71.75,68.125,68.79166666666667,67.95833333333333,68.08333333333333,68.9375,67.91666666666667,68.33333333333333,68.83333333333333,68.29166666666667,68.45833333333333,68.0625,68.79166666666667,69.54166666666667,69.28125,67.75,67.875,67.65625,68.75,68.33333333333333,68.125,70.6875,69.0
36,2021-02-03,15:00:00,67.09375,67.0,66.79166666666667,66.95833333333333,67.5625,67.0,66.6875,66.66666666666667,66.83333333333333,66.54166666666667,66.375,66.70833333333333,66.625,67.03125,67.375,67.58333333333333,65.04166666666667,65.83333333333333,66.25,66.71875,67.8125,66.66666666666667,67.08333333333333,66.75,66.83333333333333,68.20833333333333,66.75,66.0,66.46875,66.08333333333333,66.6875,67.16666666666667,67.0,68.1875,66.95833333333333,66.20833333333333,66.875,67.20833333333333,65.875,67.5,66.15625,65.58333333333333,66.625,67.125,66.54166666666667,66.125,67.16666666666667,67.79166666666667
37,2021-02-03,15:15:00,68.875,69.5,68.5,69.125,68.33333333333333,68.91666666666667,67.58333333333333,67.79166666666667,68.5,66.375,68.375,68.33333333333333,69.0625,67.9375,66.625,69.125,67.125,67.25,67.625,69.1875,68.5625,67.70833333333333,68.45833333333333,69.1875,68.375,69.5,67.21875,68.1875,68.0,67.875,67.25,68.54166666666667,68.41666666666667,69.25,68.95833333333333,68.41666666666667,68.125,67.125,0.0,68.625,67.41666666666667,66.0,67.75,68.0,69.0,68.375,68.70833333333333,69.0
38,2021-02-03,15:30:00,68.25,68.625,69.25,67.9375,69.08333333333333,69.3125,67.8125,68.875,68.5,67.45833333333333,69.0,68.66666666666667,68.5,69.3125,68.58333333333333,68.33333333333333,67.375,67.6875,68.875,68.70833333333333,69.0625,67.375,69.0,69.29166666666667,68.625,69.5,68.1875,67.3125,68.875,68.25,68.0625,67.75,67.75,70.0,69.04166666666667,68.75,68.54166666666667,68.375,65.375,68.75,66.875,67.83333333333333,68.54166666666667,68.875,68.0,68.66666666666667,68.5,69.04166666666667
39,2021-02-03,15:45:00,68.5,68.75,68.75,68.625,68.58333333333333,68.9375,68.3125,68.25,68.16666666666667,67.59375,68.04166666666667,68.75,67.5,67.5,68.21875,68.0625,66.84375,67.41666666666667,66.95833333333333,68.6875,68.125,67.8125,68.8125,68.4375,68.125,68.41666666666667,67.125,67.8125,68.3125,67.5,67.20833333333333,67.83333333333333,68.04166666666667,69.91666666666667,70.375,68.16666666666667,68.33333333333333,68.3125,67.6875,68.45833333333333,68.0,67.54166666666667,68.08333333333333,68.29166666666667,68.125,67.54166666666667,68.125,69.54166666666667
40,2021-02-03,16:00:00,68.75,69.33333333333333,69.625,68.75,68.91666666666667,68.54166666666667,68.0,68.29166666666667,68.5,68.5,68.04166666666667,67.54166666666667,67.95833333333333,67.95833333333333,68.5,68.3125,67.25,67.25,67.875,68.54166666666667,69.1875,67.41666666666667,69.45833333333333,68.58333333333333,68.83333333333333,69.41666666666667,67.4375,68.875,68.125,68.33333333333333,68.375,68.66666666666667,68.29166666666667,69.70833333333333,68.75,68.79166666666667,69.375,68.5,67.6875,68.5,67.59375,67.54166666666667,67.91666666666667,68.70833333333333,68.0625,68.1875,68.91666666666667,69.58333333333333
41,2021-02-03,16:15:00,69.625,70.33333333333333,69.33333333333333,69.6875,70.16666666666667,69.4375,68.8125,68.95833333333333,69.5,70.0,69.29166666666667,69.29166666666667,69.625,69.625,69.0,70.5,68.79166666666667,69.45833333333333,70.0,70.1875,69.65625,69.79166666666667,70.04166666666667,70.58333333333333,69.70833333333333,70.54166666666667,69.625,70.33333333333333,69.125,70.04166666666667,69.375,69.45833333333333,69.75,70.375,68.5625,69.375,69.41666666666667,68.70833333333333,68.875,69.95833333333333,69.0,69.375,69.33333333333333,69.79166666666667,69.58333333333333,69.79166666666667,69.375,70.33333333333333
42,2021-02-03,16:30:00,69.08333333333333,70.0,69.75,70.21875,69.5,69.9375,68.875,68.6875,69.21875,68.875,69.04166666666667,69.5625,68.9375,69.4375,70.34375,69.58333333333333,68.79166666666667,68.95833333333333,69.0625,70.79166666666667,69.91666666666667,69.5,70.66666666666667,70.20833333333333,69.625,70.625,69.3125,69.4375,69.83333333333333,69.625,69.25,69.16666666666667,69.70833333333333,70.33333333333333,69.20833333333333,69.58333333333333,69.41666666666667,69.875,68.875,69.5,68.125,68.375,70.0,70.125,68.95833333333333,69.66666666666667,69.3125,70.04166666666667
43,2021-02-03,16:45:00,69.4375,69.4375,68.5,69.58333333333333,69.29166666666667,68.91666666666667,68.375,69.0,69.25,69.33333333333333,69.375,68.78125,70.0625,69.29166666666667,70.1875,69.04166666666667,69.1875,69.125,68.79166666666667,70.125,70.375,69.46875,70.75,70.0,69.95833333333333,70.25,69.04166666666667,70.16666666666667,69.54166666666667,69.54166666666667,69.0,69.875,69.41666666666667,70.3125,70.6875,69.6875,69.25,69.09375,68.4375,69.20833333333333,68.125,68.70833333333333,69.875,69.70833333333333,68.125,70.16666666666667,68.625,70.5
44,2021-02-03,17:00:00,66.09375,68.25,65.75,66.125,65.5,67.0625,64.45833333333333,65.54166666666667,67.75,67.375,66.75,67.75,67.0,65.95833333333333,69.20833333333333,67.41666666666667,66.5,66.70833333333333,66.5625,67.21875,67.04166666666667,66.54166666666667,68.09375,68.125,69.0,67.875,66.5,67.5,66.75,68.625,67.79166666666667,66.95833333333333,66.1875,69.0625,67.20833333333333,65.625,64.9375,67.6875,64.9375,67.66666666666667,65.875,65.875,67.25,67.25,65.66666666666667,66.33333333333333,66.79166666666667,67.5
45,2021-02-03,17:15:00,66.45833333333333,66.79166666666667,67.5,67.0,66.91666666666667,67.33333333333333,67.45833333333333,67.29166666666667,70.08333333333333,67.75,69.41666666666667,70.625,68.375,70.5,69.375,68.20833333333333,68.8125,66.45833333333333,67.15625,71.375,67.4375,67.375,68.75,69.75,69.6875,70.625,67.54166666666667,69.5,69.375,69.625,69.21875,69.3125,66.875,68.53125,67.625,67.83333333333333,67.5625,67.03125,66.125,68.1875,66.8125,68.0625,65.75,67.16666666666667,65.66666666666667,68.83333333333333,67.4375,67.25
46,2021-02-03,17:30:00,61.875,64.25,64.1875,65.91666666666667,66.5,64.125,63.8125,61.708333333333336,75.375,63.25,64.1875,68.90625,67.45833333333333,65.78125,61.625,70.0625,64.29166666666667,63.875,66.125,64.91666666666667,68.54166666666667,63.84375,67.54166666666667,65.29166666666667,66.08333333333333,67.4375,64.75,63.3125,66.75,70.375,66.75,68.375,62.6875,64.66666666666667,60.75,66.20833333333333,61.125,64.0,61.666666666666664,64.21875,59.5,64.09375,66.75,65.79166666666667,63.5,66.04166666666667,64.625,64.375
47,2021-02-03,17:45:00,61.333333333333336,64.41666666666667,57.208333333333336,63.208333333333336,61.875,60.375,57.375,59.25,62.875,60.0,64.08333333333333,64.0,62.375,61.291666666666664,61.916666666666664,59.25,62.291666666666664,62.166666666666664,59.96875,59.541666666666664,61.875,56.208333333333336,62.291666666666664,56.5,61.541666666666664,64.9375,62.041666666666664,61.15625,62.75,63.166666666666664,60.333333333333336,62.041666666666664,49.958333333333336,60.25,57.541666666666664,59.333333333333336,61.0625,63.5,53.208333333333336,60.583333333333336,59.541666666666664,59.8125,61.53125,62.5625,56.791666666666664,62.0,64.1875,60.916666666666664
48,2021-02-03,18:00:00,52.8125,0.0,61.625,62.1875,56.3125,67.7625,63.6875,63.125,63.0,60.791666666666664,63.5,59.625,62.5,65.5625,56.625,58.75,62.375,60.125,55.625,66.66666666666667,67.0,69.95833333333333,67.609375,47.0625,66.33333333333333,68.23214285714286,62.375,62.4375,63.625,60.875,60.875,0.0,54.25,56.25,55.25,59.5,62.3125,62.875,56.0,63.8125,66.975,58.958333333333336,68.8625,60.958333333333336,48.125,60.125,62.666666666666664,54.75
49,2021-02-03,18:15:00,0.0,0.0,0.0,0.0,0.0,66.375,0.0,0.0,0.0,0.0,0.0,0.0,0.0,0.0,0.0,0.0,0.0,0.0,0.0,64.5,67.1875,65.5,67.421875,0.0,66.14285714285714,65.75,0.0,0.0,0.0,0.0,0.0,0.0,0.0,0.0,0.0,0.0,0.0,0.0,0.0,0.0,65.90441176470588,0.0,66.71875,0.0,0.0,0.0,0.0,0.0
50,2021-02-03,18:30:00,0.0,0.0,0.0,0.0,0.0,0.0,0.0,0.0,0.0,0.0,0.0,0.0,0.0,0.0,0.0,0.0,0.0,0.0,0.0,0.0,0.0,0.0,0.0,0.0,0.0,0.0,0.0,0.0,0.0,0.0,0.0,0.0,0.0,0.0,0.0,0.0,0.0,0.0,0.0,0.0,0.0,0.0,0.0,0.0,0.0,0.0,0.0,0.0
51,2021-02-03,18:45:00,0.0,0.0,0.0,0.0,0.0,0.0,0.0,0.0,0.0,0.0,0.0,0.0,0.0,0.0,0.0,0.0,0.0,0.0,0.0,0.0,0.0,0.0,0.0,0.0,0.0,0.0,0.0,0.0,0.0,0.0,0.0,0.0,0.0,0.0,0.0,0.0,0.0,0.0,0.0,0.0,0.0,0.0,0.0,0.0,0.0,0.0,0.0,0.0
52,2021-02-03,19:00:00,0.0,0.0,0.0,0.0,0.0,0.0,0.0,0.0,0.0,0.0,0.0,0.0,0.0,0.0,0.0,0.0,0.0,0.0,0.0,0.0,0.0,0.0,0.0,0.0,0.0,0.0,0.0,0.0,0.0,0.0,0.0,0.0,0.0,0.0,0.0,0.0,0.0,0.0,0.0,0.0,0.0,0.0,0.0,0.0,0.0,0.0,0.0,0.0
53,2021-02-03,19:15:00,0.0,0.0,0.0,0.0,0.0,0.0,0.0,0.0,0.0,0.0,0.0,0.0,0.0,0.0,0.0,0.0,0.0,0.0,0.0,0.0,0.0,0.0,0.0,0.0,0.0,0.0,0.0,0.0,0.0,0.0,0.0,0.0,0.0,0.0,0.0,0.0,0.0,0.0,0.0,0.0,0.0,0.0,0.0,0.0,0.0,0.0,0.0,0.0
54,2021-02-03,19:30:00,0.0,0.0,0.0,0.0,0.0,0.0,0.0,0.0,0.0,0.0,0.0,0.0,0.0,0.0,0.0,0.0,0.0,0.0,0.0,0.0,0.0,0.0,0.0,0.0,0.0,0.0,0.0,0.0,0.0,0.0,0.0,0.0,0.0,0.0,0.0,0.0,0.0,0.0,0.0,0.0,0.0,0.0,0.0,0.0,0.0,0.0,0.0,0.0
55,2021-02-03,19:45:00,0.0,0.0,0.0,0.0,0.0,0.0,0.0,0.0,0.0,0.0,0.0,0.0,0.0,0.0,0.0,0.0,0.0,0.0,0.0,0.0,0.0,0.0,0.0,0.0,0.0,0.0,0.0,0.0,0.0,0.0,0.0,0.0,0.0,0.0,0.0,0.0,0.0,0.0,0.0,0.0,0.0,0.0,0.0,0.0,0.0,0.0,0.0,0.0
